0,0.00,0.96,0.1877
1,0.08,1.04,0.3703
2,0.16,1.12,0.7651
3,0.24,1.20,0.8848
4,0.32,1.28,0.9600
5,0.40,1.36,0.9750
6,0.48,1.44,0.9845
7,0.56,1.52,0.9926
8,0.64,1.60,0.9839
9,0.72,1.68,0.9889
10,0.80,1.76,0.9909
11,0.88,1.84,0.9886
12,0.96,1.92,0.9794
13,1.04,2.00,0.9839
14,1.12,2.08,0.9825
15,1.20,2.16,0.9869
16,1.28,2.24,0.9886
17,1.36,2.32,0.9952
18,1.44,2.40,0.9942
19,1.52,2.48,0.9901
20,1.60,2.56,0.9915
21,1.68,2.64,0.9926
22,1.76,2.72,0.9962
23,1.84,2.80,0.9971
24,1.92,2.88,0.9971
25,2.00,2.96,0.9983
26,2.08,3.04,0.9960
27,2.16,3.12,0.9939
28,2.24,3.20,0.9902
29,2.32,3.28,0.9889
30,2.40,3.36,0.9788
31,2.48,3.44,0.9819
32,2.56,3.52,0.9638
33,2.64,3.60,0.8327
34,2.72,3.68,0.4965
35,2.80,3.76,0.2570
36,2.88,3.84,0.1335
37,2.96,3.92,0.1197
38,3.04,4.00,0.1777
39,3.12,4.08,0.1042
40,3.20,4.16,0.0424
41,3.28,4.24,0.0129
42,3.36,4.32,0.0155
43,3.44,4.40,0.0108
44,3.52,4.48,0.0097
45,3.60,4.56,0.0081
46,3.68,4.64,0.0095
47,3.76,4.72,0.0243
48,3.84,4.80,0.0496
49,3.92,4.88,0.1182
50,4.00,4.96,0.2364
51,4.08,5.04,0.4010
52,4.16,5.12,0.7372
53,4.24,5.20,0.9200
54,4.32,5.28,0.9871
55,4.40,5.36,0.9924
56,4.48,5.44,0.9959
57,4.56,5.52,0.9943
58,4.64,5.60,0.9895
59,4.72,5.68,0.9847
60,4.80,5.76,0.9815
61,4.88,5.84,0.9945
62,4.96,5.92,0.9914
63,5.04,6.00,0.9945
64,5.12,6.08,0.9911
65,5.20,6.16,0.9945
66,5.28,6.24,0.9952
67,5.36,6.32,0.9942
68,5.44,6.40,0.9922
69,5.52,6.48,0.9807
70,5.60,6.56,0.9622
71,5.68,6.64,0.8507
72,5.76,6.72,0.4334
73,5.84,6.80,0.1007
74,5.92,6.88,0.0417
75,6.00,6.96,0.0413
76,6.08,7.04,0.0254
77,6.16,7.12,0.0186
78,6.24,7.20,0.0203
79,6.32,7.28,0.0375
80,6.40,7.36,0.0449
81,6.48,7.44,0.0556
82,6.56,7.52,0.1924
83,6.64,7.60,0.4676
84,6.72,7.68,0.8682
85,6.80,7.76,0.9584
86,6.88,7.84,0.9726
87,6.96,7.92,0.9775
88,7.04,8.00,0.9945
89,7.12,8.08,0.9979
90,7.20,8.16,0.9972
91,7.28,8.24,0.9959
92,7.36,8.32,0.9977
93,7.44,8.40,0.9952
94,7.52,8.48,0.9920
95,7.60,8.56,0.9943
96,7.68,8.64,0.9928
97,7.76,8.72,0.9928
98,7.84,8.80,0.9923
99,7.92,8.88,0.9935
100,8.00,8.96,0.9966
101,8.08,9.04,0.9963
102,8.16,9.12,0.9969
103,8.24,9.20,0.9903
104,8.32,9.28,0.9907
105,8.40,9.36,0.9868
106,8.48,9.44,0.9793
107,8.56,9.52,0.9748
108,8.64,9.60,0.9771
109,8.72,9.68,0.9881
110,8.80,9.76,0.9769
111,8.88,9.84,0.9718
112,8.96,9.92,0.9353
113,9.04,10.00,0.8228
