0,0.00,0.96,0.9952
1,0.08,1.04,0.9959
2,0.16,1.12,0.9941
3,0.24,1.20,0.9939
4,0.32,1.28,0.9961
5,0.40,1.36,0.9942
6,0.48,1.44,0.9959
7,0.56,1.52,0.9967
8,0.64,1.60,0.9940
9,0.72,1.68,0.9961
10,0.80,1.76,0.9968
11,0.88,1.84,0.9965
12,0.96,1.92,0.9942
13,1.04,2.00,0.9909
14,1.12,2.08,0.9888
15,1.20,2.16,0.9921
16,1.28,2.24,0.9879
17,1.36,2.32,0.9912
18,1.44,2.40,0.9848
19,1.52,2.48,0.9856
20,1.60,2.56,0.9882
21,1.68,2.64,0.9964
22,1.76,2.72,0.9891
23,1.84,2.80,0.9897
24,1.92,2.88,0.9700
25,2.00,2.96,0.9027
26,2.08,3.04,0.6633
27,2.16,3.12,0.3430
28,2.24,3.20,0.1174
29,2.32,3.28,0.1162
30,2.40,3.36,0.0852
31,2.48,3.44,0.2334
32,2.56,3.52,0.3864
33,2.64,3.60,0.7011
34,2.72,3.68,0.8468
35,2.80,3.76,0.9620
36,2.88,3.84,0.9923
37,2.96,3.92,0.9947
38,3.04,4.00,0.9948
39,3.12,4.08,0.9910
40,3.20,4.16,0.9904
41,3.28,4.24,0.9808
42,3.36,4.32,0.9759
43,3.44,4.40,0.9830
44,3.52,4.48,0.9924
45,3.60,4.56,0.9980
46,3.68,4.64,0.9962
47,3.76,4.72,0.9967
48,3.84,4.80,0.9921
49,3.92,4.88,0.9681
50,4.00,4.96,0.8881
51,4.08,5.04,0.6101
52,4.16,5.12,0.2638
53,4.24,5.20,0.0811
54,4.32,5.28,0.0246
55,4.40,5.36,0.0153
56,4.48,5.44,0.0569
57,4.56,5.52,0.1720
58,4.64,5.60,0.4275
59,4.72,5.68,0.7879
60,4.80,5.76,0.9560
61,4.88,5.84,0.9841
62,4.96,5.92,0.9875
63,5.04,6.00,0.9948
64,5.12,6.08,0.9975
65,5.20,6.16,0.9976
66,5.28,6.24,0.9981
67,5.36,6.32,0.9986
68,5.44,6.40,0.9989
69,5.52,6.48,0.9988
70,5.60,6.56,0.9987
71,5.68,6.64,0.9985
72,5.76,6.72,0.9955
73,5.84,6.80,0.9931
74,5.92,6.88,0.9584
75,6.00,6.96,0.8077
76,6.08,7.04,0.6585
77,6.16,7.12,0.3878
78,6.24,7.20,0.2465
79,6.32,7.28,0.0831
80,6.40,7.36,0.0252
81,6.48,7.44,0.0179
82,6.56,7.52,0.0182
83,6.64,7.60,0.0187
84,6.72,7.68,0.0312
85,6.80,7.76,0.0234
86,6.88,7.84,0.0259
87,6.96,7.92,0.0150
88,7.04,8.00,0.0190
89,7.12,8.08,0.0187
90,7.20,8.16,0.0129
91,7.28,8.24,0.0122
92,7.36,8.32,0.0120
93,7.44,8.40,0.0116
94,7.52,8.48,0.0353
95,7.60,8.56,0.0503
96,7.68,8.64,0.0970
97,7.76,8.72,0.1149
98,7.84,8.80,0.2975
99,7.92,8.88,0.6686
100,8.00,8.96,0.8671
101,8.08,9.04,0.9772
102,8.16,9.12,0.9871
103,8.24,9.20,0.9950
104,8.32,9.28,0.9950
105,8.40,9.36,0.9947
106,8.48,9.44,0.9942
107,8.56,9.52,0.9940
108,8.64,9.60,0.9973
109,8.72,9.68,0.9900
110,8.80,9.76,0.9760
111,8.88,9.84,0.9757
112,8.96,9.92,0.9811
113,9.04,10.00,0.9888
