0,0.00,0.96,0.0417
1,0.08,1.04,0.0856
2,0.16,1.12,0.0801
3,0.24,1.20,0.0557
4,0.32,1.28,0.2970
5,0.40,1.36,0.6521
6,0.48,1.44,0.8641
7,0.56,1.52,0.9481
8,0.64,1.60,0.9888
9,0.72,1.68,0.9921
10,0.80,1.76,0.9968
11,0.88,1.84,0.9974
12,0.96,1.92,0.9972
13,1.04,2.00,0.9968
14,1.12,2.08,0.9960
15,1.20,2.16,0.9973
16,1.28,2.24,0.9950
17,1.36,2.32,0.9884
18,1.44,2.40,0.9922
19,1.52,2.48,0.9943
20,1.60,2.56,0.9953
21,1.68,2.64,0.9958
22,1.76,2.72,0.9946
23,1.84,2.80,0.9961
24,1.92,2.88,0.9955
25,2.00,2.96,0.9938
26,2.08,3.04,0.9926
27,2.16,3.12,0.9972
28,2.24,3.20,0.9923
29,2.32,3.28,0.9941
30,2.40,3.36,0.9863
31,2.48,3.44,0.9874
32,2.56,3.52,0.9862
33,2.64,3.60,0.9673
34,2.72,3.68,0.9762
35,2.80,3.76,0.9632
36,2.88,3.84,0.8337
37,2.96,3.92,0.7664
38,3.04,4.00,0.6813
39,3.12,4.08,0.5949
40,3.20,4.16,0.4545
41,3.28,4.24,0.4388
42,3.36,4.32,0.7271
43,3.44,4.40,0.9393
44,3.52,4.48,0.9864
45,3.60,4.56,0.9901
46,3.68,4.64,0.9950
47,3.76,4.72,0.9968
48,3.84,4.80,0.9921
49,3.92,4.88,0.9939
50,4.00,4.96,0.9979
51,4.08,5.04,0.9980
52,4.16,5.12,0.9987
53,4.24,5.20,0.9984
54,4.32,5.28,0.9977
55,4.40,5.36,0.9974
56,4.48,5.44,0.9932
57,4.56,5.52,0.9764
58,4.64,5.60,0.9635
59,4.72,5.68,0.9218
60,4.80,5.76,0.5736
61,4.88,5.84,0.3271
62,4.96,5.92,0.1114
63,5.04,6.00,0.0556
64,5.12,6.08,0.0403
65,5.20,6.16,0.0483
66,5.28,6.24,0.0406
67,5.36,6.32,0.0652
68,5.44,6.40,0.0577
69,5.52,6.48,0.0604
70,5.60,6.56,0.0321
71,5.68,6.64,0.0779
72,5.76,6.72,0.0868
73,5.84,6.80,0.1437
74,5.92,6.88,0.1230
75,6.00,6.96,0.2286
76,6.08,7.04,0.6953
77,6.16,7.12,0.9099
78,6.24,7.20,0.9292
79,6.32,7.28,0.9845
80,6.40,7.36,0.9879
81,6.48,7.44,0.9938
82,6.56,7.52,0.9868
83,6.64,7.60,0.9644
84,6.72,7.68,0.9207
85,6.80,7.76,0.5917
86,6.88,7.84,0.1700
87,6.96,7.92,0.0559
88,7.04,8.00,0.0384
89,7.12,8.08,0.0125
90,7.20,8.16,0.0053
91,7.28,8.24,0.0098
92,7.36,8.32,0.0082
93,7.44,8.40,0.0079
94,7.52,8.48,0.0038
95,7.60,8.56,0.0037
96,7.68,8.64,0.0050
97,7.76,8.72,0.0100
98,7.84,8.80,0.0077
99,7.92,8.88,0.0199
100,8.00,8.96,0.0141
101,8.08,9.04,0.0119
102,8.16,9.12,0.0393
103,8.24,9.20,0.0825
104,8.32,9.28,0.1635
105,8.40,9.36,0.4173
106,8.48,9.44,0.8583
107,8.56,9.52,0.9773
108,8.64,9.60,0.9859
109,8.72,9.68,0.9924
110,8.80,9.76,0.9946
111,8.88,9.84,0.9917
112,8.96,9.92,0.9918
113,9.04,10.00,0.9920
