0,0.00,0.96,0.9741
1,0.08,1.04,0.9833
2,0.16,1.12,0.9866
3,0.24,1.20,0.9874
4,0.32,1.28,0.9947
5,0.40,1.36,0.9925
6,0.48,1.44,0.9972
7,0.56,1.52,0.9963
8,0.64,1.60,0.9922
9,0.72,1.68,0.9926
10,0.80,1.76,0.9878
11,0.88,1.84,0.9844
12,0.96,1.92,0.9890
13,1.04,2.00,0.9923
14,1.12,2.08,0.9898
15,1.20,2.16,0.9941
16,1.28,2.24,0.9965
17,1.36,2.32,0.9980
18,1.44,2.40,0.9980
19,1.52,2.48,0.9986
20,1.60,2.56,0.9954
21,1.68,2.64,0.9941
22,1.76,2.72,0.9908
23,1.84,2.80,0.9918
24,1.92,2.88,0.9895
25,2.00,2.96,0.9895
26,2.08,3.04,0.9961
27,2.16,3.12,0.9952
28,2.24,3.20,0.9958
29,2.32,3.28,0.9947
30,2.40,3.36,0.9946
31,2.48,3.44,0.9943
32,2.56,3.52,0.9952
33,2.64,3.60,0.9970
34,2.72,3.68,0.9984
35,2.80,3.76,0.9981
36,2.88,3.84,0.9982
37,2.96,3.92,0.9959
38,3.04,4.00,0.9952
39,3.12,4.08,0.9967
40,3.20,4.16,0.9975
41,3.28,4.24,0.9972
42,3.36,4.32,0.9978
43,3.44,4.40,0.9978
44,3.52,4.48,0.9984
45,3.60,4.56,0.9982
46,3.68,4.64,0.9971
47,3.76,4.72,0.9971
48,3.84,4.80,0.9860
49,3.92,4.88,0.9898
50,4.00,4.96,0.9478
51,4.08,5.04,0.9229
52,4.16,5.12,0.9605
53,4.24,5.20,0.9775
54,4.32,5.28,0.9692
55,4.40,5.36,0.9680
56,4.48,5.44,0.9876
57,4.56,5.52,0.9860
58,4.64,5.60,0.9958
59,4.72,5.68,0.9954
60,4.80,5.76,0.9958
61,4.88,5.84,0.9979
62,4.96,5.92,0.9975
63,5.04,6.00,0.9950
64,5.12,6.08,0.9943
65,5.20,6.16,0.9940
66,5.28,6.24,0.9881
67,5.36,6.32,0.9879
68,5.44,6.40,0.9846
69,5.52,6.48,0.9915
70,5.60,6.56,0.9919
71,5.68,6.64,0.9910
72,5.76,6.72,0.9910
73,5.84,6.80,0.9923
74,5.92,6.88,0.9944
75,6.00,6.96,0.9905
76,6.08,7.04,0.9854
77,6.16,7.12,0.9925
78,6.24,7.20,0.9910
79,6.32,7.28,0.9832
80,6.40,7.36,0.9886
81,6.48,7.44,0.9917
82,6.56,7.52,0.9834
83,6.64,7.60,0.9874
84,6.72,7.68,0.9921
85,6.80,7.76,0.9935
86,6.88,7.84,0.9951
87,6.96,7.92,0.9898
88,7.04,8.00,0.9919
89,7.12,8.08,0.9909
90,7.20,8.16,0.9891
91,7.28,8.24,0.9934
92,7.36,8.32,0.9967
93,7.44,8.40,0.9984
94,7.52,8.48,0.9988
95,7.60,8.56,0.9982
96,7.68,8.64,0.9980
97,7.76,8.72,0.9982
98,7.84,8.80,0.9978
99,7.92,8.88,0.9974
100,8.00,8.96,0.9979
101,8.08,9.04,0.9972
102,8.16,9.12,0.9952
103,8.24,9.20,0.9937
104,8.32,9.28,0.9953
105,8.40,9.36,0.9949
106,8.48,9.44,0.9954
107,8.56,9.52,0.9963
108,8.64,9.60,0.9950
109,8.72,9.68,0.9963
110,8.80,9.76,0.9965
111,8.88,9.84,0.9927
112,8.96,9.92,0.9964
113,9.04,10.00,0.9947
