0,0.00,0.96,0.9657
1,0.08,1.04,0.9703
2,0.16,1.12,0.9619
3,0.24,1.20,0.9310
4,0.32,1.28,0.9389
5,0.40,1.36,0.8829
6,0.48,1.44,0.8007
7,0.56,1.52,0.4138
8,0.64,1.60,0.1466
9,0.72,1.68,0.0616
10,0.80,1.76,0.0302
11,0.88,1.84,0.0189
12,0.96,1.92,0.0069
13,1.04,2.00,0.0106
14,1.12,2.08,0.0078
15,1.20,2.16,0.0123
16,1.28,2.24,0.0131
17,1.36,2.32,0.0072
18,1.44,2.40,0.0074
19,1.52,2.48,0.0104
20,1.60,2.56,0.0153
21,1.68,2.64,0.0147
22,1.76,2.72,0.0311
23,1.84,2.80,0.0440
24,1.92,2.88,0.0324
25,2.00,2.96,0.0404
26,2.08,3.04,0.0820
27,2.16,3.12,0.1417
28,2.24,3.20,0.0552
29,2.32,3.28,0.0290
30,2.40,3.36,0.0612
31,2.48,3.44,0.0479
32,2.56,3.52,0.0545
33,2.64,3.60,0.1383
34,2.72,3.68,0.4729
35,2.80,3.76,0.7941
36,2.88,3.84,0.9172
37,2.96,3.92,0.9611
38,3.04,4.00,0.9750
39,3.12,4.08,0.9766
40,3.20,4.16,0.9941
41,3.28,4.24,0.9947
42,3.36,4.32,0.9963
43,3.44,4.40,0.9947
44,3.52,4.48,0.9939
45,3.60,4.56,0.9912
46,3.68,4.64,0.9705
47,3.76,4.72,0.9579
48,3.84,4.80,0.9321
49,3.92,4.88,0.8814
50,4.00,4.96,0.8830
51,4.08,5.04,0.9618
52,4.16,5.12,0.9669
53,4.24,5.20,0.9780
54,4.32,5.28,0.9624
55,4.40,5.36,0.9214
56,4.48,5.44,0.6374
57,4.56,5.52,0.3536
58,4.64,5.60,0.1693
59,4.72,5.68,0.0485
60,4.80,5.76,0.0331
61,4.88,5.84,0.0302
62,4.96,5.92,0.0197
63,5.04,6.00,0.0113
64,5.12,6.08,0.0070
65,5.20,6.16,0.0087
66,5.28,6.24,0.0116
67,5.36,6.32,0.0086
68,5.44,6.40,0.0100
69,5.52,6.48,0.0146
70,5.60,6.56,0.0202
71,5.68,6.64,0.0403
72,5.76,6.72,0.0611
73,5.84,6.80,0.0300
74,5.92,6.88,0.0582
75,6.00,6.96,0.0359
76,6.08,7.04,0.0501
77,6.16,7.12,0.0419
78,6.24,7.20,0.0290
79,6.32,7.28,0.0111
80,6.40,7.36,0.0112
81,6.48,7.44,0.0058
82,6.56,7.52,0.0117
83,6.64,7.60,0.0316
84,6.72,7.68,0.0334
85,6.80,7.76,0.0903
86,6.88,7.84,0.1905
87,6.96,7.92,0.4365
88,7.04,8.00,0.8433
89,7.12,8.08,0.9512
90,7.20,8.16,0.9919
91,7.28,8.24,0.9935
92,7.36,8.32,0.9967
93,7.44,8.40,0.9965
94,7.52,8.48,0.9972
95,7.60,8.56,0.9954
96,7.68,8.64,0.9927
97,7.76,8.72,0.9831
98,7.84,8.80,0.9266
99,7.92,8.88,0.8230
100,8.00,8.96,0.5843
101,8.08,9.04,0.2961
102,8.16,9.12,0.1958
103,8.24,9.20,0.1457
104,8.32,9.28,0.0618
105,8.40,9.36,0.0512
106,8.48,9.44,0.0307
107,8.56,9.52,0.0276
108,8.64,9.60,0.0190
109,8.72,9.68,0.0396
110,8.80,9.76,0.0397
111,8.88,9.84,0.0303
112,8.96,9.92,0.0470
113,9.04,10.00,0.0139
