0,0.00,0.96,0.9714
1,0.08,1.04,0.9537
2,0.16,1.12,0.9714
3,0.24,1.20,0.9774
4,0.32,1.28,0.9780
5,0.40,1.36,0.9313
6,0.48,1.44,0.9225
7,0.56,1.52,0.9709
8,0.64,1.60,0.9701
9,0.72,1.68,0.9810
10,0.80,1.76,0.9701
11,0.88,1.84,0.9886
12,0.96,1.92,0.9888
13,1.04,2.00,0.9897
14,1.12,2.08,0.9950
15,1.20,2.16,0.9936
16,1.28,2.24,0.9689
17,1.36,2.32,0.8245
18,1.44,2.40,0.4520
19,1.52,2.48,0.2045
20,1.60,2.56,0.0707
21,1.68,2.64,0.0283
22,1.76,2.72,0.0393
23,1.84,2.80,0.0295
24,1.92,2.88,0.0756
25,2.00,2.96,0.0590
26,2.08,3.04,0.1026
27,2.16,3.12,0.0852
28,2.24,3.20,0.0956
29,2.32,3.28,0.0495
30,2.40,3.36,0.0270
31,2.48,3.44,0.0306
32,2.56,3.52,0.0431
33,2.64,3.60,0.0366
34,2.72,3.68,0.0172
35,2.80,3.76,0.0090
36,2.88,3.84,0.0052
37,2.96,3.92,0.0028
38,3.04,4.00,0.0043
39,3.12,4.08,0.0097
40,3.20,4.16,0.0108
41,3.28,4.24,0.0040
42,3.36,4.32,0.0051
43,3.44,4.40,0.0073
44,3.52,4.48,0.0406
45,3.60,4.56,0.0477
46,3.68,4.64,0.1379
47,3.76,4.72,0.6356
48,3.84,4.80,0.8981
49,3.92,4.88,0.9748
50,4.00,4.96,0.9898
51,4.08,5.04,0.9947
52,4.16,5.12,0.9968
53,4.24,5.20,0.9948
54,4.32,5.28,0.9964
55,4.40,5.36,0.9920
56,4.48,5.44,0.9933
57,4.56,5.52,0.9938
58,4.64,5.60,0.9915
59,4.72,5.68,0.9917
60,4.80,5.76,0.9892
61,4.88,5.84,0.9835
62,4.96,5.92,0.9836
63,5.04,6.00,0.9764
64,5.12,6.08,0.9816
65,5.20,6.16,0.9593
66,5.28,6.24,0.9498
67,5.36,6.32,0.7927
68,5.44,6.40,0.4702
69,5.52,6.48,0.1585
70,5.60,6.56,0.1045
71,5.68,6.64,0.0474
72,5.76,6.72,0.0221
73,5.84,6.80,0.0206
74,5.92,6.88,0.0068
75,6.00,6.96,0.0080
76,6.08,7.04,0.0240
77,6.16,7.12,0.0238
78,6.24,7.20,0.0230
79,6.32,7.28,0.0281
80,6.40,7.36,0.0386
81,6.48,7.44,0.0129
82,6.56,7.52,0.0061
83,6.64,7.60,0.0083
84,6.72,7.68,0.0068
85,6.80,7.76,0.0153
86,6.88,7.84,0.0135
87,6.96,7.92,0.0056
88,7.04,8.00,0.0039
89,7.12,8.08,0.0017
90,7.20,8.16,0.0040
91,7.28,8.24,0.0130
92,7.36,8.32,0.0482
93,7.44,8.40,0.3284
94,7.52,8.48,0.8159
95,7.60,8.56,0.9398
96,7.68,8.64,0.9416
97,7.76,8.72,0.9813
98,7.84,8.80,0.9906
99,7.92,8.88,0.9928
100,8.00,8.96,0.9955
101,8.08,9.04,0.9914
102,8.16,9.12,0.9968
103,8.24,9.20,0.9941
104,8.32,9.28,0.9957
105,8.40,9.36,0.9895
106,8.48,9.44,0.9849
107,8.56,9.52,0.9937
108,8.64,9.60,0.9927
109,8.72,9.68,0.9952
110,8.80,9.76,0.9953
111,8.88,9.84,0.9947
112,8.96,9.92,0.9971
113,9.04,10.00,0.9961
