0,0.00,0.96,0.9995
1,0.08,1.04,0.9993
2,0.16,1.12,0.9993
3,0.24,1.20,0.9995
4,0.32,1.28,0.9993
5,0.40,1.36,0.9991
6,0.48,1.44,0.9985
7,0.56,1.52,0.9985
8,0.64,1.60,0.9983
9,0.72,1.68,0.9982
10,0.80,1.76,0.9981
11,0.88,1.84,0.9983
12,0.96,1.92,0.9977
13,1.04,2.00,0.9972
14,1.12,2.08,0.9986
15,1.20,2.16,0.9983
16,1.28,2.24,0.9980
17,1.36,2.32,0.9989
18,1.44,2.40,0.9995
19,1.52,2.48,0.9992
20,1.60,2.56,0.9991
21,1.68,2.64,0.9991
22,1.76,2.72,0.9994
23,1.84,2.80,0.9992
24,1.92,2.88,0.9991
25,2.00,2.96,0.9992
26,2.08,3.04,0.9993
27,2.16,3.12,0.9992
28,2.24,3.20,0.9991
29,2.32,3.28,0.9987
30,2.40,3.36,0.9987
31,2.48,3.44,0.9987
32,2.56,3.52,0.9989
33,2.64,3.60,0.9987
34,2.72,3.68,0.9989
35,2.80,3.76,0.9992
36,2.88,3.84,0.9992
37,2.96,3.92,0.9992
38,3.04,4.00,0.9992
39,3.12,4.08,0.9992
40,3.20,4.16,0.9990
41,3.28,4.24,0.9991
42,3.36,4.32,0.9990
43,3.44,4.40,0.9994
44,3.52,4.48,0.9996
45,3.60,4.56,0.9995
46,3.68,4.64,0.9993
47,3.76,4.72,0.9991
48,3.84,4.80,0.9993
49,3.92,4.88,0.9993
50,4.00,4.96,0.9993
51,4.08,5.04,0.9989
52,4.16,5.12,0.9991
53,4.24,5.20,0.9992
54,4.32,5.28,0.9989
55,4.40,5.36,0.9988
56,4.48,5.44,0.9989
57,4.56,5.52,0.9990
58,4.64,5.60,0.9989
59,4.72,5.68,0.9989
60,4.80,5.76,0.9989
61,4.88,5.84,0.9989
62,4.96,5.92,0.9993
63,5.04,6.00,0.9986
64,5.12,6.08,0.9986
65,5.20,6.16,0.9987
66,5.28,6.24,0.9989
67,5.36,6.32,0.9988
68,5.44,6.40,0.9983
69,5.52,6.48,0.9986
70,5.60,6.56,0.9991
71,5.68,6.64,0.9987
72,5.76,6.72,0.9990
73,5.84,6.80,0.9989
74,5.92,6.88,0.9989
75,6.00,6.96,0.9986
76,6.08,7.04,0.9986
77,6.16,7.12,0.9991
78,6.24,7.20,0.9992
79,6.32,7.28,0.9994
80,6.40,7.36,0.9995
81,6.48,7.44,0.9995
82,6.56,7.52,0.9996
83,6.64,7.60,0.9996
84,6.72,7.68,0.9996
85,6.80,7.76,0.9995
86,6.88,7.84,0.9994
87,6.96,7.92,0.9992
88,7.04,8.00,0.9994
89,7.12,8.08,0.9991
90,7.20,8.16,0.9992
91,7.28,8.24,0.9992
92,7.36,8.32,0.9993
93,7.44,8.40,0.9994
94,7.52,8.48,0.9996
95,7.60,8.56,0.9996
96,7.68,8.64,0.9993
97,7.76,8.72,0.9992
98,7.84,8.80,0.9989
99,7.92,8.88,0.9988
100,8.00,8.96,0.9992
101,8.08,9.04,0.9993
102,8.16,9.12,0.9991
103,8.24,9.20,0.9988
104,8.32,9.28,0.9989
105,8.40,9.36,0.9985
106,8.48,9.44,0.9984
107,8.56,9.52,0.9987
108,8.64,9.60,0.9991
109,8.72,9.68,0.9992
110,8.80,9.76,0.9985
111,8.88,9.84,0.9987
112,8.96,9.92,0.9988
113,9.04,10.00,0.9990
