0,0.00,0.96,0.0611
1,0.08,1.04,0.2171
2,0.16,1.12,0.4117
3,0.24,1.20,0.7036
4,0.32,1.28,0.8968
5,0.40,1.36,0.9341
6,0.48,1.44,0.9664
7,0.56,1.52,0.9814
8,0.64,1.60,0.9825
9,0.72,1.68,0.9834
10,0.80,1.76,0.9859
11,0.88,1.84,0.9833
12,0.96,1.92,0.9899
13,1.04,2.00,0.9952
14,1.12,2.08,0.9936
15,1.20,2.16,0.9948
16,1.28,2.24,0.9938
17,1.36,2.32,0.9947
18,1.44,2.40,0.9973
19,1.52,2.48,0.9975
20,1.60,2.56,0.9927
21,1.68,2.64,0.9942
22,1.76,2.72,0.9967
23,1.84,2.80,0.9957
24,1.92,2.88,0.9970
25,2.00,2.96,0.9951
26,2.08,3.04,0.9893
27,2.16,3.12,0.9908
28,2.24,3.20,0.9800
29,2.32,3.28,0.9818
30,2.40,3.36,0.9918
31,2.48,3.44,0.9804
32,2.56,3.52,0.9708
33,2.64,3.60,0.9644
34,2.72,3.68,0.9732
35,2.80,3.76,0.9726
36,2.88,3.84,0.9838
37,2.96,3.92,0.9797
38,3.04,4.00,0.9507
39,3.12,4.08,0.8317
40,3.20,4.16,0.6073
41,3.28,4.24,0.2816
42,3.36,4.32,0.3225
43,3.44,4.40,0.2935
44,3.52,4.48,0.6491
45,3.60,4.56,0.9231
46,3.68,4.64,0.9765
47,3.76,4.72,0.9889
48,3.84,4.80,0.9945
49,3.92,4.88,0.9817
50,4.00,4.96,0.9874
51,4.08,5.04,0.9882
52,4.16,5.12,0.9891
53,4.24,5.20,0.9929
54,4.32,5.28,0.9926
55,4.40,5.36,0.9874
56,4.48,5.44,0.9880
57,4.56,5.52,0.9896
58,4.64,5.60,0.9909
59,4.72,5.68,0.9920
60,4.80,5.76,0.9952
61,4.88,5.84,0.9909
62,4.96,5.92,0.9895
63,5.04,6.00,0.9897
64,5.12,6.08,0.9331
65,5.20,6.16,0.8179
66,5.28,6.24,0.4510
67,5.36,6.32,0.1518
68,5.44,6.40,0.0364
69,5.52,6.48,0.0166
70,5.60,6.56,0.0277
71,5.68,6.64,0.0119
72,5.76,6.72,0.0072
73,5.84,6.80,0.0046
74,5.92,6.88,0.0136
75,6.00,6.96,0.0114
76,6.08,7.04,0.0123
77,6.16,7.12,0.0108
78,6.24,7.20,0.0076
79,6.32,7.28,0.0080
80,6.40,7.36,0.0296
81,6.48,7.44,0.0506
82,6.56,7.52,0.0275
83,6.64,7.60,0.0338
84,6.72,7.68,0.0200
85,6.80,7.76,0.0084
86,6.88,7.84,0.0157
87,6.96,7.92,0.0275
88,7.04,8.00,0.0408
89,7.12,8.08,0.0302
90,7.20,8.16,0.0357
91,7.28,8.24,0.0917
92,7.36,8.32,0.2402
93,7.44,8.40,0.4700
94,7.52,8.48,0.6243
95,7.60,8.56,0.8874
96,7.68,8.64,0.9783
97,7.76,8.72,0.9817
98,7.84,8.80,0.9918
99,7.92,8.88,0.9939
100,8.00,8.96,0.9957
101,8.08,9.04,0.9969
102,8.16,9.12,0.9949
103,8.24,9.20,0.9882
104,8.32,9.28,0.9863
105,8.40,9.36,0.9921
106,8.48,9.44,0.9900
107,8.56,9.52,0.9871
108,8.64,9.60,0.9730
109,8.72,9.68,0.9910
110,8.80,9.76,0.9942
111,8.88,9.84,0.9958
112,8.96,9.92,0.9971
113,9.04,10.00,0.9974
