0,0.00,0.96,0.9994
1,0.08,1.04,0.9995
2,0.16,1.12,0.9995
3,0.24,1.20,0.9994
4,0.32,1.28,0.9992
5,0.40,1.36,0.9992
6,0.48,1.44,0.9992
7,0.56,1.52,0.9988
8,0.64,1.60,0.9989
9,0.72,1.68,0.9989
10,0.80,1.76,0.9993
11,0.88,1.84,0.9994
12,0.96,1.92,0.9993
13,1.04,2.00,0.9993
14,1.12,2.08,0.9993
15,1.20,2.16,0.9992
16,1.28,2.24,0.9989
17,1.36,2.32,0.9989
18,1.44,2.40,0.9987
19,1.52,2.48,0.9984
20,1.60,2.56,0.9987
21,1.68,2.64,0.9989
22,1.76,2.72,0.9983
23,1.84,2.80,0.9984
24,1.92,2.88,0.9989
25,2.00,2.96,0.9992
26,2.08,3.04,0.9992
27,2.16,3.12,0.9985
28,2.24,3.20,0.9945
29,2.32,3.28,0.9666
30,2.40,3.36,0.8268
31,2.48,3.44,0.4030
32,2.56,3.52,0.1173
33,2.64,3.60,0.0329
34,2.72,3.68,0.0102
35,2.80,3.76,0.0041
36,2.88,3.84,0.0032
37,2.96,3.92,0.0034
38,3.04,4.00,0.0033
39,3.12,4.08,0.0029
40,3.20,4.16,0.0032
41,3.28,4.24,0.0028
42,3.36,4.32,0.0025
43,3.44,4.40,0.0029
44,3.52,4.48,0.0027
45,3.60,4.56,0.0030
46,3.68,4.64,0.0037
47,3.76,4.72,0.0043
48,3.84,4.80,0.0103
49,3.92,4.88,0.0625
50,4.00,4.96,0.2423
51,4.08,5.04,0.6121
52,4.16,5.12,0.8946
53,4.24,5.20,0.9823
54,4.32,5.28,0.9954
55,4.40,5.36,0.9978
56,4.48,5.44,0.9989
57,4.56,5.52,0.9979
58,4.64,5.60,0.9984
59,4.72,5.68,0.9990
60,4.80,5.76,0.9987
61,4.88,5.84,0.9986
62,4.96,5.92,0.9979
63,5.04,6.00,0.9951
64,5.12,6.08,0.9836
65,5.20,6.16,0.9437
66,5.28,6.24,0.7797
67,5.36,6.32,0.2811
68,5.44,6.40,0.0877
69,5.52,6.48,0.0210
70,5.60,6.56,0.0124
71,5.68,6.64,0.0070
72,5.76,6.72,0.0059
73,5.84,6.80,0.0058
74,5.92,6.88,0.0111
75,6.00,6.96,0.0108
76,6.08,7.04,0.0074
77,6.16,7.12,0.0102
78,6.24,7.20,0.0154
79,6.32,7.28,0.0390
80,6.40,7.36,0.2003
81,6.48,7.44,0.6259
82,6.56,7.52,0.9282
83,6.64,7.60,0.9872
84,6.72,7.68,0.9970
85,6.80,7.76,0.9988
86,6.88,7.84,0.9987
87,6.96,7.92,0.9990
88,7.04,8.00,0.9988
89,7.12,8.08,0.9984
90,7.20,8.16,0.9985
91,7.28,8.24,0.9987
92,7.36,8.32,0.9985
93,7.44,8.40,0.9989
94,7.52,8.48,0.9985
95,7.60,8.56,0.9984
96,7.68,8.64,0.9979
97,7.76,8.72,0.9963
98,7.84,8.80,0.9896
99,7.92,8.88,0.9364
100,8.00,8.96,0.7237
101,8.08,9.04,0.2679
102,8.16,9.12,0.0471
103,8.24,9.20,0.0166
104,8.32,9.28,0.0274
105,8.40,9.36,0.1012
106,8.48,9.44,0.4581
107,8.56,9.52,0.8786
108,8.64,9.60,0.9809
109,8.72,9.68,0.9963
110,8.80,9.76,0.9978
111,8.88,9.84,0.9970
112,8.96,9.92,0.9919
113,9.04,10.00,0.9725
