0,0.00,0.96,0.0061
1,0.08,1.04,0.0046
2,0.16,1.12,0.0042
3,0.24,1.20,0.0041
4,0.32,1.28,0.0038
5,0.40,1.36,0.0037
6,0.48,1.44,0.0026
7,0.56,1.52,0.0022
8,0.64,1.60,0.0023
9,0.72,1.68,0.0024
10,0.80,1.76,0.0022
11,0.88,1.84,0.0023
12,0.96,1.92,0.0026
13,1.04,2.00,0.0034
14,1.12,2.08,0.0033
15,1.20,2.16,0.0037
16,1.28,2.24,0.0032
17,1.36,2.32,0.0037
18,1.44,2.40,0.0043
19,1.52,2.48,0.0075
20,1.60,2.56,0.0194
21,1.68,2.64,0.0768
22,1.76,2.72,0.3119
23,1.84,2.80,0.7759
24,1.92,2.88,0.9689
25,2.00,2.96,0.9926
26,2.08,3.04,0.9974
27,2.16,3.12,0.9988
28,2.24,3.20,0.9992
29,2.32,3.28,0.9990
30,2.40,3.36,0.9990
31,2.48,3.44,0.9989
32,2.56,3.52,0.9982
33,2.64,3.60,0.9984
34,2.72,3.68,0.9985
35,2.80,3.76,0.9985
36,2.88,3.84,0.9990
37,2.96,3.92,0.9987
38,3.04,4.00,0.9985
39,3.12,4.08,0.9974
40,3.20,4.16,0.9976
41,3.28,4.24,0.9978
42,3.36,4.32,0.9979
43,3.44,4.40,0.9986
44,3.52,4.48,0.9989
45,3.60,4.56,0.9987
46,3.68,4.64,0.9972
47,3.76,4.72,0.9931
48,3.84,4.80,0.9629
49,3.92,4.88,0.7399
50,4.00,4.96,0.1971
51,4.08,5.04,0.0366
52,4.16,5.12,0.0117
53,4.24,5.20,0.0085
54,4.32,5.28,0.0052
55,4.40,5.36,0.0037
56,4.48,5.44,0.0027
57,4.56,5.52,0.0035
58,4.64,5.60,0.0034
59,4.72,5.68,0.0100
60,4.80,5.76,0.0487
61,4.88,5.84,0.2592
62,4.96,5.92,0.7157
63,5.04,6.00,0.9554
64,5.12,6.08,0.9918
65,5.20,6.16,0.9971
66,5.28,6.24,0.9991
67,5.36,6.32,0.9992
68,5.44,6.40,0.9993
69,5.52,6.48,0.9987
70,5.60,6.56,0.9991
71,5.68,6.64,0.9994
72,5.76,6.72,0.9993
73,5.84,6.80,0.9994
74,5.92,6.88,0.9994
75,6.00,6.96,0.9992
76,6.08,7.04,0.9993
77,6.16,7.12,0.9991
78,6.24,7.20,0.9989
79,6.32,7.28,0.9992
80,6.40,7.36,0.9993
81,6.48,7.44,0.9991
82,6.56,7.52,0.9990
83,6.64,7.60,0.9988
84,6.72,7.68,0.9990
85,6.80,7.76,0.9988
86,6.88,7.84,0.9989
87,6.96,7.92,0.9991
88,7.04,8.00,0.9991
89,7.12,8.08,0.9993
90,7.20,8.16,0.9992
91,7.28,8.24,0.9991
92,7.36,8.32,0.9988
93,7.44,8.40,0.9991
94,7.52,8.48,0.9989
95,7.60,8.56,0.9988
96,7.68,8.64,0.9978
97,7.76,8.72,0.9912
98,7.84,8.80,0.9531
99,7.92,8.88,0.8105
100,8.00,8.96,0.3606
101,8.08,9.04,0.0613
102,8.16,9.12,0.0159
103,8.24,9.20,0.0058
104,8.32,9.28,0.0083
105,8.40,9.36,0.0068
106,8.48,9.44,0.0054
107,8.56,9.52,0.0069
108,8.64,9.60,0.0039
109,8.72,9.68,0.0039
110,8.80,9.76,0.0061
111,8.88,9.84,0.0053
112,8.96,9.92,0.0032
113,9.04,10.00,0.0030
