0,0.00,0.96,0.0206
1,0.08,1.04,0.0304
2,0.16,1.12,0.0297
3,0.24,1.20,0.0335
4,0.32,1.28,0.0260
5,0.40,1.36,0.0264
6,0.48,1.44,0.0349
7,0.56,1.52,0.0674
8,0.64,1.60,0.2140
9,0.72,1.68,0.5393
10,0.80,1.76,0.8157
11,0.88,1.84,0.9159
12,0.96,1.92,0.9730
13,1.04,2.00,0.9878
14,1.12,2.08,0.9929
15,1.20,2.16,0.9978
16,1.28,2.24,0.9965
17,1.36,2.32,0.9967
18,1.44,2.40,0.9977
19,1.52,2.48,0.9973
20,1.60,2.56,0.9989
21,1.68,2.64,0.9981
22,1.76,2.72,0.9979
23,1.84,2.80,0.9961
24,1.92,2.88,0.9948
25,2.00,2.96,0.9951
26,2.08,3.04,0.9965
27,2.16,3.12,0.9965
28,2.24,3.20,0.9978
29,2.32,3.28,0.9971
30,2.40,3.36,0.9959
31,2.48,3.44,0.9988
32,2.56,3.52,0.9985
33,2.64,3.60,0.9972
34,2.72,3.68,0.9953
35,2.80,3.76,0.9920
36,2.88,3.84,0.9950
37,2.96,3.92,0.9936
38,3.04,4.00,0.9939
39,3.12,4.08,0.9935
40,3.20,4.16,0.9952
41,3.28,4.24,0.9901
42,3.36,4.32,0.9717
43,3.44,4.40,0.9435
44,3.52,4.48,0.8709
45,3.60,4.56,0.6492
46,3.68,4.64,0.2213
47,3.76,4.72,0.1046
48,3.84,4.80,0.0302
49,3.92,4.88,0.0143
50,4.00,4.96,0.0079
51,4.08,5.04,0.0166
52,4.16,5.12,0.0225
53,4.24,5.20,0.0283
54,4.32,5.28,0.0456
55,4.40,5.36,0.1310
56,4.48,5.44,0.0413
57,4.56,5.52,0.0246
58,4.64,5.60,0.0171
59,4.72,5.68,0.0115
60,4.80,5.76,0.0074
61,4.88,5.84,0.0076
62,4.96,5.92,0.0050
63,5.04,6.00,0.0075
64,5.12,6.08,0.0091
65,5.20,6.16,0.0130
66,5.28,6.24,0.0184
67,5.36,6.32,0.0317
68,5.44,6.40,0.0453
69,5.52,6.48,0.2583
70,5.60,6.56,0.5353
71,5.68,6.64,0.6263
72,5.76,6.72,0.8172
73,5.84,6.80,0.8817
74,5.92,6.88,0.9597
75,6.00,6.96,0.9789
76,6.08,7.04,0.9819
77,6.16,7.12,0.9944
78,6.24,7.20,0.9955
79,6.32,7.28,0.9965
80,6.40,7.36,0.9937
81,6.48,7.44,0.9897
82,6.56,7.52,0.9906
83,6.64,7.60,0.9918
84,6.72,7.68,0.9808
85,6.80,7.76,0.9813
86,6.88,7.84,0.9780
87,6.96,7.92,0.9580
88,7.04,8.00,0.8578
89,7.12,8.08,0.5912
90,7.20,8.16,0.2708
91,7.28,8.24,0.1023
92,7.36,8.32,0.0519
93,7.44,8.40,0.0415
94,7.52,8.48,0.0224
95,7.60,8.56,0.0153
96,7.68,8.64,0.0191
97,7.76,8.72,0.0249
98,7.84,8.80,0.0188
99,7.92,8.88,0.0268
100,8.00,8.96,0.0386
101,8.08,9.04,0.0595
102,8.16,9.12,0.1029
103,8.24,9.20,0.0494
104,8.32,9.28,0.0403
105,8.40,9.36,0.0342
106,8.48,9.44,0.0285
107,8.56,9.52,0.0190
108,8.64,9.60,0.0092
109,8.72,9.68,0.0109
110,8.80,9.76,0.0083
111,8.88,9.84,0.0100
112,8.96,9.92,0.0076
113,9.04,10.00,0.0053
