0,0.00,0.96,0.9990
1,0.08,1.04,0.9992
2,0.16,1.12,0.9993
3,0.24,1.20,0.9990
4,0.32,1.28,0.9992
5,0.40,1.36,0.9995
6,0.48,1.44,0.9996
7,0.56,1.52,0.9996
8,0.64,1.60,0.9996
9,0.72,1.68,0.9992
10,0.80,1.76,0.9988
11,0.88,1.84,0.9989
12,0.96,1.92,0.9988
13,1.04,2.00,0.9985
14,1.12,2.08,0.9986
15,1.20,2.16,0.9986
16,1.28,2.24,0.9961
17,1.36,2.32,0.9872
18,1.44,2.40,0.9580
19,1.52,2.48,0.7181
20,1.60,2.56,0.3704
21,1.68,2.64,0.1528
22,1.76,2.72,0.1567
23,1.84,2.80,0.3596
24,1.92,2.88,0.7582
25,2.00,2.96,0.9612
26,2.08,3.04,0.9900
27,2.16,3.12,0.9979
28,2.24,3.20,0.9987
29,2.32,3.28,0.9991
30,2.40,3.36,0.9992
31,2.48,3.44,0.9992
32,2.56,3.52,0.9993
33,2.64,3.60,0.9991
34,2.72,3.68,0.9987
35,2.80,3.76,0.9990
36,2.88,3.84,0.9990
37,2.96,3.92,0.9993
38,3.04,4.00,0.9992
39,3.12,4.08,0.9989
40,3.20,4.16,0.9991
41,3.28,4.24,0.9990
42,3.36,4.32,0.9991
43,3.44,4.40,0.9989
44,3.52,4.48,0.9993
45,3.60,4.56,0.9991
46,3.68,4.64,0.9990
47,3.76,4.72,0.9990
48,3.84,4.80,0.9987
49,3.92,4.88,0.9989
50,4.00,4.96,0.9993
51,4.08,5.04,0.9991
52,4.16,5.12,0.9992
53,4.24,5.20,0.9984
54,4.32,5.28,0.9985
55,4.40,5.36,0.9985
56,4.48,5.44,0.9981
57,4.56,5.52,0.9979
58,4.64,5.60,0.9940
59,4.72,5.68,0.9736
60,4.80,5.76,0.8402
61,4.88,5.84,0.3072
62,4.96,5.92,0.0533
63,5.04,6.00,0.0214
64,5.12,6.08,0.0096
65,5.20,6.16,0.0179
66,5.28,6.24,0.0826
67,5.36,6.32,0.5414
68,5.44,6.40,0.9197
69,5.52,6.48,0.9840
70,5.60,6.56,0.9971
71,5.68,6.64,0.9985
72,5.76,6.72,0.9992
73,5.84,6.80,0.9989
74,5.92,6.88,0.9992
75,6.00,6.96,0.9990
76,6.08,7.04,0.9988
77,6.16,7.12,0.9988
78,6.24,7.20,0.9989
79,6.32,7.28,0.9988
80,6.40,7.36,0.9990
81,6.48,7.44,0.9987
82,6.56,7.52,0.9985
83,6.64,7.60,0.9968
84,6.72,7.68,0.9868
85,6.80,7.76,0.9148
86,6.88,7.84,0.5918
87,6.96,7.92,0.1809
88,7.04,8.00,0.0592
89,7.12,8.08,0.0196
90,7.20,8.16,0.0105
91,7.28,8.24,0.0140
92,7.36,8.32,0.0116
93,7.44,8.40,0.0102
94,7.52,8.48,0.0097
95,7.60,8.56,0.0062
96,7.68,8.64,0.0050
97,7.76,8.72,0.0041
98,7.84,8.80,0.0046
99,7.92,8.88,0.0042
100,8.00,8.96,0.0043
101,8.08,9.04,0.0071
102,8.16,9.12,0.0166
103,8.24,9.20,0.0485
104,8.32,9.28,0.1837
105,8.40,9.36,0.6822
106,8.48,9.44,0.9488
107,8.56,9.52,0.9859
108,8.64,9.60,0.9961
109,8.72,9.68,0.9984
110,8.80,9.76,0.9989
111,8.88,9.84,0.9983
112,8.96,9.92,0.9943
113,9.04,10.00,0.9725
