0,0.00,0.96,0.7292
1,0.08,1.04,0.9254
2,0.16,1.12,0.9691
3,0.24,1.20,0.9837
4,0.32,1.28,0.9916
5,0.40,1.36,0.9824
6,0.48,1.44,0.9864
7,0.56,1.52,0.9857
8,0.64,1.60,0.9948
9,0.72,1.68,0.9940
10,0.80,1.76,0.9971
11,0.88,1.84,0.9929
12,0.96,1.92,0.9906
13,1.04,2.00,0.9786
14,1.12,2.08,0.8880
15,1.20,2.16,0.6722
16,1.28,2.24,0.4554
17,1.36,2.32,0.1466
18,1.44,2.40,0.0257
19,1.52,2.48,0.0155
20,1.60,2.56,0.0084
21,1.68,2.64,0.0079
22,1.76,2.72,0.0089
23,1.84,2.80,0.0045
24,1.92,2.88,0.0027
25,2.00,2.96,0.0049
26,2.08,3.04,0.0049
27,2.16,3.12,0.0019
28,2.24,3.20,0.0042
29,2.32,3.28,0.0064
30,2.40,3.36,0.0055
31,2.48,3.44,0.0039
32,2.56,3.52,0.0099
33,2.64,3.60,0.0239
34,2.72,3.68,0.1789
35,2.80,3.76,0.4489
36,2.88,3.84,0.7813
37,2.96,3.92,0.9228
38,3.04,4.00,0.9824
39,3.12,4.08,0.9939
40,3.20,4.16,0.9977
41,3.28,4.24,0.9969
42,3.36,4.32,0.9956
43,3.44,4.40,0.9940
44,3.52,4.48,0.9957
45,3.60,4.56,0.9977
46,3.68,4.64,0.9964
47,3.76,4.72,0.9950
48,3.84,4.80,0.9954
49,3.92,4.88,0.9943
50,4.00,4.96,0.9962
51,4.08,5.04,0.9876
52,4.16,5.12,0.9836
53,4.24,5.20,0.9799
54,4.32,5.28,0.9520
55,4.40,5.36,0.9487
56,4.48,5.44,0.9471
57,4.56,5.52,0.9609
58,4.64,5.60,0.9835
59,4.72,5.68,0.9843
60,4.80,5.76,0.9783
61,4.88,5.84,0.9822
62,4.96,5.92,0.9910
63,5.04,6.00,0.9864
64,5.12,6.08,0.9816
65,5.20,6.16,0.9884
66,5.28,6.24,0.9883
67,5.36,6.32,0.9922
68,5.44,6.40,0.9923
69,5.52,6.48,0.9946
70,5.60,6.56,0.9895
71,5.68,6.64,0.9853
72,5.76,6.72,0.9676
73,5.84,6.80,0.8539
74,5.92,6.88,0.4852
75,6.00,6.96,0.3787
76,6.08,7.04,0.2529
77,6.16,7.12,0.2020
78,6.24,7.20,0.3669
79,6.32,7.28,0.7811
80,6.40,7.36,0.8115
81,6.48,7.44,0.8874
82,6.56,7.52,0.9355
83,6.64,7.60,0.9835
84,6.72,7.68,0.9887
85,6.80,7.76,0.9929
86,6.88,7.84,0.9878
87,6.96,7.92,0.9814
88,7.04,8.00,0.9876
89,7.12,8.08,0.9892
90,7.20,8.16,0.9924
91,7.28,8.24,0.9918
92,7.36,8.32,0.9930
93,7.44,8.40,0.9935
94,7.52,8.48,0.9955
95,7.60,8.56,0.9966
96,7.68,8.64,0.9915
97,7.76,8.72,0.9764
98,7.84,8.80,0.9884
99,7.92,8.88,0.9940
100,8.00,8.96,0.9890
101,8.08,9.04,0.9654
102,8.16,9.12,0.9481
103,8.24,9.20,0.9211
104,8.32,9.28,0.8827
105,8.40,9.36,0.6596
106,8.48,9.44,0.2550
107,8.56,9.52,0.0604
108,8.64,9.60,0.0286
109,8.72,9.68,0.0165
110,8.80,9.76,0.0092
111,8.88,9.84,0.0272
112,8.96,9.92,0.0565
113,9.04,10.00,0.0746
