0,0.00,0.96,0.0174
1,0.08,1.04,0.0095
2,0.16,1.12,0.0129
3,0.24,1.20,0.0058
4,0.32,1.28,0.0059
5,0.40,1.36,0.0104
6,0.48,1.44,0.0133
7,0.56,1.52,0.0185
8,0.64,1.60,0.0177
9,0.72,1.68,0.0304
10,0.80,1.76,0.0416
11,0.88,1.84,0.0429
12,0.96,1.92,0.0547
13,1.04,2.00,0.0613
14,1.12,2.08,0.0390
15,1.20,2.16,0.0177
16,1.28,2.24,0.0226
17,1.36,2.32,0.0362
18,1.44,2.40,0.0968
19,1.52,2.48,0.1334
20,1.60,2.56,0.2574
21,1.68,2.64,0.6616
22,1.76,2.72,0.8877
23,1.84,2.80,0.9164
24,1.92,2.88,0.9747
25,2.00,2.96,0.9675
26,2.08,3.04,0.9679
27,2.16,3.12,0.9877
28,2.24,3.20,0.9954
29,2.32,3.28,0.9910
30,2.40,3.36,0.9900
31,2.48,3.44,0.9909
32,2.56,3.52,0.9963
33,2.64,3.60,0.9947
34,2.72,3.68,0.9929
35,2.80,3.76,0.9966
36,2.88,3.84,0.9953
37,2.96,3.92,0.9964
38,3.04,4.00,0.9917
39,3.12,4.08,0.9913
40,3.20,4.16,0.9817
41,3.28,4.24,0.9751
42,3.36,4.32,0.9870
43,3.44,4.40,0.9882
44,3.52,4.48,0.9876
45,3.60,4.56,0.9842
46,3.68,4.64,0.9851
47,3.76,4.72,0.9889
48,3.84,4.80,0.9936
49,3.92,4.88,0.9775
50,4.00,4.96,0.9736
51,4.08,5.04,0.9808
52,4.16,5.12,0.9805
53,4.24,5.20,0.9782
54,4.32,5.28,0.9600
55,4.40,5.36,0.8687
56,4.48,5.44,0.5710
57,4.56,5.52,0.2323
58,4.64,5.60,0.1344
59,4.72,5.68,0.0367
60,4.80,5.76,0.0197
61,4.88,5.84,0.0166
62,4.96,5.92,0.0329
63,5.04,6.00,0.0251
64,5.12,6.08,0.0363
65,5.20,6.16,0.0551
66,5.28,6.24,0.0426
67,5.36,6.32,0.0322
68,5.44,6.40,0.0244
69,5.52,6.48,0.0201
70,5.60,6.56,0.0291
71,5.68,6.64,0.0292
72,5.76,6.72,0.0298
73,5.84,6.80,0.0187
74,5.92,6.88,0.0192
75,6.00,6.96,0.1252
76,6.08,7.04,0.2782
77,6.16,7.12,0.5046
78,6.24,7.20,0.8992
79,6.32,7.28,0.9713
80,6.40,7.36,0.9910
81,6.48,7.44,0.9942
82,6.56,7.52,0.9944
83,6.64,7.60,0.9940
84,6.72,7.68,0.9880
85,6.80,7.76,0.9888
86,6.88,7.84,0.9911
87,6.96,7.92,0.9965
88,7.04,8.00,0.9961
89,7.12,8.08,0.9868
90,7.20,8.16,0.9878
91,7.28,8.24,0.9970
92,7.36,8.32,0.9977
93,7.44,8.40,0.9957
94,7.52,8.48,0.9964
95,7.60,8.56,0.9942
96,7.68,8.64,0.9885
97,7.76,8.72,0.9877
98,7.84,8.80,0.9895
99,7.92,8.88,0.9760
100,8.00,8.96,0.9619
101,8.08,9.04,0.9554
102,8.16,9.12,0.9059
103,8.24,9.20,0.8167
104,8.32,9.28,0.4240
105,8.40,9.36,0.2837
106,8.48,9.44,0.1101
107,8.56,9.52,0.2432
108,8.64,9.60,0.2125
109,8.72,9.68,0.3758
110,8.80,9.76,0.7862
111,8.88,9.84,0.9703
112,8.96,9.92,0.9890
113,9.04,10.00,0.9947
