0,0.00,0.96,0.0520
1,0.08,1.04,0.0458
2,0.16,1.12,0.0556
3,0.24,1.20,0.0443
4,0.32,1.28,0.0673
5,0.40,1.36,0.0757
6,0.48,1.44,0.0826
7,0.56,1.52,0.0780
8,0.64,1.60,0.1586
9,0.72,1.68,0.0959
10,0.80,1.76,0.0275
11,0.88,1.84,0.0525
12,0.96,1.92,0.0341
13,1.04,2.00,0.0313
14,1.12,2.08,0.0508
15,1.20,2.16,0.0194
16,1.28,2.24,0.0105
17,1.36,2.32,0.0054
18,1.44,2.40,0.0047
19,1.52,2.48,0.0087
20,1.60,2.56,0.0201
21,1.68,2.64,0.0538
22,1.76,2.72,0.0872
23,1.84,2.80,0.1316
24,1.92,2.88,0.4926
25,2.00,2.96,0.7988
26,2.08,3.04,0.9499
27,2.16,3.12,0.9846
28,2.24,3.20,0.9905
29,2.32,3.28,0.9942
30,2.40,3.36,0.9945
31,2.48,3.44,0.9947
32,2.56,3.52,0.9869
33,2.64,3.60,0.9670
34,2.72,3.68,0.9081
35,2.80,3.76,0.7778
36,2.88,3.84,0.3793
37,2.96,3.92,0.1716
38,3.04,4.00,0.0687
39,3.12,4.08,0.0554
40,3.20,4.16,0.1338
41,3.28,4.24,0.1470
42,3.36,4.32,0.3044
43,3.44,4.40,0.5357
44,3.52,4.48,0.6542
45,3.60,4.56,0.8553
46,3.68,4.64,0.9607
47,3.76,4.72,0.9738
48,3.84,4.80,0.9814
49,3.92,4.88,0.9879
50,4.00,4.96,0.9887
51,4.08,5.04,0.9664
52,4.16,5.12,0.9337
53,4.24,5.20,0.7395
54,4.32,5.28,0.2784
55,4.40,5.36,0.0749
56,4.48,5.44,0.0163
57,4.56,5.52,0.0075
58,4.64,5.60,0.0064
59,4.72,5.68,0.0112
60,4.80,5.76,0.0274
61,4.88,5.84,0.0130
62,4.96,5.92,0.0165
63,5.04,6.00,0.0102
64,5.12,6.08,0.0141
65,5.20,6.16,0.0138
66,5.28,6.24,0.0060
67,5.36,6.32,0.0116
68,5.44,6.40,0.0094
69,5.52,6.48,0.0082
70,5.60,6.56,0.0062
71,5.68,6.64,0.0076
72,5.76,6.72,0.0227
73,5.84,6.80,0.0646
74,5.92,6.88,0.2597
75,6.00,6.96,0.6628
76,6.08,7.04,0.9405
77,6.16,7.12,0.9756
78,6.24,7.20,0.9776
79,6.32,7.28,0.9924
80,6.40,7.36,0.9923
81,6.48,7.44,0.9956
82,6.56,7.52,0.9960
83,6.64,7.60,0.9952
84,6.72,7.68,0.9956
85,6.80,7.76,0.9981
86,6.88,7.84,0.9991
87,6.96,7.92,0.9987
88,7.04,8.00,0.9983
89,7.12,8.08,0.9986
90,7.20,8.16,0.9972
91,7.28,8.24,0.9971
92,7.36,8.32,0.9965
93,7.44,8.40,0.9960
94,7.52,8.48,0.9894
95,7.60,8.56,0.9496
96,7.68,8.64,0.7130
97,7.76,8.72,0.3254
98,7.84,8.80,0.1113
99,7.92,8.88,0.0373
100,8.00,8.96,0.0427
101,8.08,9.04,0.0375
102,8.16,9.12,0.0159
103,8.24,9.20,0.0177
104,8.32,9.28,0.0145
105,8.40,9.36,0.0131
106,8.48,9.44,0.0151
107,8.56,9.52,0.0207
108,8.64,9.60,0.0170
109,8.72,9.68,0.0280
110,8.80,9.76,0.0148
111,8.88,9.84,0.0153
112,8.96,9.92,0.0525
113,9.04,10.00,0.0466
