0,0.00,0.96,0.9991
1,0.08,1.04,0.9991
2,0.16,1.12,0.9989
3,0.24,1.20,0.9987
4,0.32,1.28,0.9988
5,0.40,1.36,0.9981
6,0.48,1.44,0.9984
7,0.56,1.52,0.9991
8,0.64,1.60,0.9990
9,0.72,1.68,0.9990
10,0.80,1.76,0.9992
11,0.88,1.84,0.9992
12,0.96,1.92,0.9990
13,1.04,2.00,0.9983
14,1.12,2.08,0.9987
15,1.20,2.16,0.9987
16,1.28,2.24,0.9985
17,1.36,2.32,0.9986
18,1.44,2.40,0.9985
19,1.52,2.48,0.9985
20,1.60,2.56,0.9988
21,1.68,2.64,0.9984
22,1.76,2.72,0.9989
23,1.84,2.80,0.9985
24,1.92,2.88,0.9984
25,2.00,2.96,0.9991
26,2.08,3.04,0.9993
27,2.16,3.12,0.9993
28,2.24,3.20,0.9989
29,2.32,3.28,0.9982
30,2.40,3.36,0.9960
31,2.48,3.44,0.9848
32,2.56,3.52,0.9132
33,2.64,3.60,0.6169
34,2.72,3.68,0.2629
35,2.80,3.76,0.1167
36,2.88,3.84,0.1476
37,2.96,3.92,0.4412
38,3.04,4.00,0.7772
39,3.12,4.08,0.9604
40,3.20,4.16,0.9904
41,3.28,4.24,0.9970
42,3.36,4.32,0.9983
43,3.44,4.40,0.9990
44,3.52,4.48,0.9992
45,3.60,4.56,0.9988
46,3.68,4.64,0.9990
47,3.76,4.72,0.9988
48,3.84,4.80,0.9987
49,3.92,4.88,0.9989
50,4.00,4.96,0.9988
51,4.08,5.04,0.9990
52,4.16,5.12,0.9988
53,4.24,5.20,0.9987
54,4.32,5.28,0.9985
55,4.40,5.36,0.9981
56,4.48,5.44,0.9976
57,4.56,5.52,0.9937
58,4.64,5.60,0.9790
59,4.72,5.68,0.9113
60,4.80,5.76,0.4583
61,4.88,5.84,0.1048
62,4.96,5.92,0.0177
63,5.04,6.00,0.0055
64,5.12,6.08,0.0030
65,5.20,6.16,0.0022
66,5.28,6.24,0.0018
67,5.36,6.32,0.0020
68,5.44,6.40,0.0017
69,5.52,6.48,0.0024
70,5.60,6.56,0.0020
71,5.68,6.64,0.0044
72,5.76,6.72,0.0038
73,5.84,6.80,0.0038
74,5.92,6.88,0.0027
75,6.00,6.96,0.0043
76,6.08,7.04,0.0054
77,6.16,7.12,0.0053
78,6.24,7.20,0.0035
79,6.32,7.28,0.0037
80,6.40,7.36,0.0028
81,6.48,7.44,0.0041
82,6.56,7.52,0.0048
83,6.64,7.60,0.0046
84,6.72,7.68,0.0025
85,6.80,7.76,0.0028
86,6.88,7.84,0.0076
87,6.96,7.92,0.0365
88,7.04,8.00,0.2136
89,7.12,8.08,0.5647
90,7.20,8.16,0.9170
91,7.28,8.24,0.9886
92,7.36,8.32,0.9955
93,7.44,8.40,0.9981
94,7.52,8.48,0.9986
95,7.60,8.56,0.9975
96,7.68,8.64,0.9883
97,7.76,8.72,0.9455
98,7.84,8.80,0.7140
99,7.92,8.88,0.2522
100,8.00,8.96,0.0459
101,8.08,9.04,0.0105
102,8.16,9.12,0.0043
103,8.24,9.20,0.0032
104,8.32,9.28,0.0027
105,8.40,9.36,0.0026
106,8.48,9.44,0.0028
107,8.56,9.52,0.0018
108,8.64,9.60,0.0023
109,8.72,9.68,0.0025
110,8.80,9.76,0.0027
111,8.88,9.84,0.0036
112,8.96,9.92,0.0022
113,9.04,10.00,0.0015
