0,0.00,0.96,0.0033
1,0.08,1.04,0.0029
2,0.16,1.12,0.0036
3,0.24,1.20,0.0030
4,0.32,1.28,0.0021
5,0.40,1.36,0.0027
6,0.48,1.44,0.0038
7,0.56,1.52,0.0036
8,0.64,1.60,0.0023
9,0.72,1.68,0.0029
10,0.80,1.76,0.0020
11,0.88,1.84,0.0024
12,0.96,1.92,0.0025
13,1.04,2.00,0.0036
14,1.12,2.08,0.0105
15,1.20,2.16,0.0524
16,1.28,2.24,0.2677
17,1.36,2.32,0.7896
18,1.44,2.40,0.9614
19,1.52,2.48,0.9939
20,1.60,2.56,0.9980
21,1.68,2.64,0.9986
22,1.76,2.72,0.9986
23,1.84,2.80,0.9981
24,1.92,2.88,0.9985
25,2.00,2.96,0.9985
26,2.08,3.04,0.9975
27,2.16,3.12,0.9977
28,2.24,3.20,0.9976
29,2.32,3.28,0.9986
30,2.40,3.36,0.9980
31,2.48,3.44,0.9976
32,2.56,3.52,0.9985
33,2.64,3.60,0.9990
34,2.72,3.68,0.9988
35,2.80,3.76,0.9987
36,2.88,3.84,0.9989
37,2.96,3.92,0.9981
38,3.04,4.00,0.9974
39,3.12,4.08,0.9977
40,3.20,4.16,0.9987
41,3.28,4.24,0.9986
42,3.36,4.32,0.9987
43,3.44,4.40,0.9991
44,3.52,4.48,0.9994
45,3.60,4.56,0.9993
46,3.68,4.64,0.9992
47,3.76,4.72,0.9995
48,3.84,4.80,0.9992
49,3.92,4.88,0.9993
50,4.00,4.96,0.9991
51,4.08,5.04,0.9991
52,4.16,5.12,0.9990
53,4.24,5.20,0.9988
54,4.32,5.28,0.9985
55,4.40,5.36,0.9984
56,4.48,5.44,0.9978
57,4.56,5.52,0.9931
58,4.64,5.60,0.9669
59,4.72,5.68,0.8245
60,4.80,5.76,0.3146
61,4.88,5.84,0.0777
62,4.96,5.92,0.0219
63,5.04,6.00,0.0146
64,5.12,6.08,0.0070
65,5.20,6.16,0.0049
66,5.28,6.24,0.0055
67,5.36,6.32,0.0061
68,5.44,6.40,0.0048
69,5.52,6.48,0.0041
70,5.60,6.56,0.0053
71,5.68,6.64,0.0071
72,5.76,6.72,0.0182
73,5.84,6.80,0.0843
74,5.92,6.88,0.4490
75,6.00,6.96,0.8425
76,6.08,7.04,0.9595
77,6.16,7.12,0.9873
78,6.24,7.20,0.9949
79,6.32,7.28,0.9966
80,6.40,7.36,0.9976
81,6.48,7.44,0.9973
82,6.56,7.52,0.9974
83,6.64,7.60,0.9974
84,6.72,7.68,0.9977
85,6.80,7.76,0.9986
86,6.88,7.84,0.9989
87,6.96,7.92,0.9989
88,7.04,8.00,0.9988
89,7.12,8.08,0.9987
90,7.20,8.16,0.9989
91,7.28,8.24,0.9991
92,7.36,8.32,0.9988
93,7.44,8.40,0.9989
94,7.52,8.48,0.9982
95,7.60,8.56,0.9985
96,7.68,8.64,0.9988
97,7.76,8.72,0.9986
98,7.84,8.80,0.9985
99,7.92,8.88,0.9943
100,8.00,8.96,0.9748
101,8.08,9.04,0.8460
102,8.16,9.12,0.4024
103,8.24,9.20,0.0866
104,8.32,9.28,0.0201
105,8.40,9.36,0.0086
106,8.48,9.44,0.0067
107,8.56,9.52,0.0052
108,8.64,9.60,0.0057
109,8.72,9.68,0.0044
110,8.80,9.76,0.0050
111,8.88,9.84,0.0039
112,8.96,9.92,0.0049
113,9.04,10.00,0.0078
