0,0.00,0.96,0.0171
1,0.08,1.04,0.0327
2,0.16,1.12,0.0625
3,0.24,1.20,0.0794
4,0.32,1.28,0.2250
5,0.40,1.36,0.4874
6,0.48,1.44,0.8746
7,0.56,1.52,0.9774
8,0.64,1.60,0.9938
9,0.72,1.68,0.9937
10,0.80,1.76,0.9797
11,0.88,1.84,0.9632
12,0.96,1.92,0.9864
13,1.04,2.00,0.9856
14,1.12,2.08,0.9822
15,1.20,2.16,0.9932
16,1.28,2.24,0.9963
17,1.36,2.32,0.9958
18,1.44,2.40,0.9947
19,1.52,2.48,0.9940
20,1.60,2.56,0.9944
21,1.68,2.64,0.9973
22,1.76,2.72,0.9973
23,1.84,2.80,0.9977
24,1.92,2.88,0.9984
25,2.00,2.96,0.9962
26,2.08,3.04,0.9970
27,2.16,3.12,0.9957
28,2.24,3.20,0.9801
29,2.32,3.28,0.9216
30,2.40,3.36,0.7963
31,2.48,3.44,0.6712
32,2.56,3.52,0.3903
33,2.64,3.60,0.1638
34,2.72,3.68,0.1378
35,2.80,3.76,0.0301
36,2.88,3.84,0.0180
37,2.96,3.92,0.0172
38,3.04,4.00,0.0118
39,3.12,4.08,0.0129
40,3.20,4.16,0.0070
41,3.28,4.24,0.0235
42,3.36,4.32,0.0347
43,3.44,4.40,0.2332
44,3.52,4.48,0.5056
45,3.60,4.56,0.8690
46,3.68,4.64,0.9565
47,3.76,4.72,0.9836
48,3.84,4.80,0.9891
49,3.92,4.88,0.9931
50,4.00,4.96,0.9947
51,4.08,5.04,0.9919
52,4.16,5.12,0.9916
53,4.24,5.20,0.9892
54,4.32,5.28,0.9967
55,4.40,5.36,0.9960
56,4.48,5.44,0.9979
57,4.56,5.52,0.9970
58,4.64,5.60,0.9963
59,4.72,5.68,0.9876
60,4.80,5.76,0.9665
61,4.88,5.84,0.9127
62,4.96,5.92,0.8478
63,5.04,6.00,0.5516
64,5.12,6.08,0.3499
65,5.20,6.16,0.1642
66,5.28,6.24,0.1410
67,5.36,6.32,0.0729
68,5.44,6.40,0.1454
69,5.52,6.48,0.0785
70,5.60,6.56,0.0412
71,5.68,6.64,0.0197
72,5.76,6.72,0.0563
73,5.84,6.80,0.0647
74,5.92,6.88,0.0428
75,6.00,6.96,0.0632
76,6.08,7.04,0.0668
77,6.16,7.12,0.1277
78,6.24,7.20,0.0569
79,6.32,7.28,0.0754
80,6.40,7.36,0.1344
81,6.48,7.44,0.1730
82,6.56,7.52,0.6352
83,6.64,7.60,0.8675
84,6.72,7.68,0.9708
85,6.80,7.76,0.9959
86,6.88,7.84,0.9963
87,6.96,7.92,0.9956
88,7.04,8.00,0.9955
89,7.12,8.08,0.9969
90,7.20,8.16,0.9952
91,7.28,8.24,0.9928
92,7.36,8.32,0.9945
93,7.44,8.40,0.9910
94,7.52,8.48,0.9348
95,7.60,8.56,0.7129
96,7.68,8.64,0.5931
97,7.76,8.72,0.2958
98,7.84,8.80,0.0741
99,7.92,8.88,0.0294
100,8.00,8.96,0.0180
101,8.08,9.04,0.0211
102,8.16,9.12,0.0103
103,8.24,9.20,0.0077
104,8.32,9.28,0.0102
105,8.40,9.36,0.0108
106,8.48,9.44,0.0156
107,8.56,9.52,0.0089
108,8.64,9.60,0.0132
109,8.72,9.68,0.0332
110,8.80,9.76,0.0774
111,8.88,9.84,0.1944
112,8.96,9.92,0.4519
113,9.04,10.00,0.6954
