0,0.00,0.96,0.0629
1,0.08,1.04,0.0736
2,0.16,1.12,0.0866
3,0.24,1.20,0.2125
4,0.32,1.28,0.5662
5,0.40,1.36,0.9136
6,0.48,1.44,0.9540
7,0.56,1.52,0.9806
8,0.64,1.60,0.9918
9,0.72,1.68,0.9784
10,0.80,1.76,0.9896
11,0.88,1.84,0.9831
12,0.96,1.92,0.9879
13,1.04,2.00,0.9903
14,1.12,2.08,0.9946
15,1.20,2.16,0.9956
16,1.28,2.24,0.9851
17,1.36,2.32,0.9814
18,1.44,2.40,0.9856
19,1.52,2.48,0.9863
20,1.60,2.56,0.9905
21,1.68,2.64,0.9938
22,1.76,2.72,0.9953
23,1.84,2.80,0.9943
24,1.92,2.88,0.9857
25,2.00,2.96,0.9846
26,2.08,3.04,0.9892
27,2.16,3.12,0.9834
28,2.24,3.20,0.9896
29,2.32,3.28,0.9938
30,2.40,3.36,0.9940
31,2.48,3.44,0.9736
32,2.56,3.52,0.9631
33,2.64,3.60,0.9891
34,2.72,3.68,0.9870
35,2.80,3.76,0.9708
36,2.88,3.84,0.9877
37,2.96,3.92,0.9889
38,3.04,4.00,0.9931
39,3.12,4.08,0.9904
40,3.20,4.16,0.9820
41,3.28,4.24,0.9494
42,3.36,4.32,0.8531
43,3.44,4.40,0.7733
44,3.52,4.48,0.4996
45,3.60,4.56,0.0998
46,3.68,4.64,0.0556
47,3.76,4.72,0.0580
48,3.84,4.80,0.0734
49,3.92,4.88,0.0454
50,4.00,4.96,0.0637
51,4.08,5.04,0.0748
52,4.16,5.12,0.1698
53,4.24,5.20,0.0802
54,4.32,5.28,0.0472
55,4.40,5.36,0.0335
56,4.48,5.44,0.0233
57,4.56,5.52,0.0144
58,4.64,5.60,0.0040
59,4.72,5.68,0.0045
60,4.80,5.76,0.0090
61,4.88,5.84,0.0149
62,4.96,5.92,0.1070
63,5.04,6.00,0.2934
64,5.12,6.08,0.7628
65,5.20,6.16,0.9310
66,5.28,6.24,0.9841
67,5.36,6.32,0.9934
68,5.44,6.40,0.9977
69,5.52,6.48,0.9976
70,5.60,6.56,0.9977
71,5.68,6.64,0.9976
72,5.76,6.72,0.9966
73,5.84,6.80,0.9968
74,5.92,6.88,0.9987
75,6.00,6.96,0.9979
76,6.08,7.04,0.9978
77,6.16,7.12,0.9985
78,6.24,7.20,0.9988
79,6.32,7.28,0.9983
80,6.40,7.36,0.9930
81,6.48,7.44,0.9945
82,6.56,7.52,0.9822
83,6.64,7.60,0.9899
84,6.72,7.68,0.9820
85,6.80,7.76,0.9687
86,6.88,7.84,0.8263
87,6.96,7.92,0.3413
88,7.04,8.00,0.1410
89,7.12,8.08,0.0510
90,7.20,8.16,0.0193
91,7.28,8.24,0.0153
92,7.36,8.32,0.0706
93,7.44,8.40,0.1558
94,7.52,8.48,0.4125
95,7.60,8.56,0.7526
96,7.68,8.64,0.9517
97,7.76,8.72,0.9801
98,7.84,8.80,0.9774
99,7.92,8.88,0.9883
100,8.00,8.96,0.9948
101,8.08,9.04,0.9921
102,8.16,9.12,0.9917
103,8.24,9.20,0.9888
104,8.32,9.28,0.9950
105,8.40,9.36,0.9963
106,8.48,9.44,0.9969
107,8.56,9.52,0.9973
108,8.64,9.60,0.9967
109,8.72,9.68,0.9965
110,8.80,9.76,0.9928
111,8.88,9.84,0.9767
112,8.96,9.92,0.9731
113,9.04,10.00,0.9568
