0,0.00,0.96,0.9817
1,0.08,1.04,0.9881
2,0.16,1.12,0.9935
3,0.24,1.20,0.9945
4,0.32,1.28,0.9945
5,0.40,1.36,0.9943
6,0.48,1.44,0.9939
7,0.56,1.52,0.9917
8,0.64,1.60,0.9900
9,0.72,1.68,0.9954
10,0.80,1.76,0.9947
11,0.88,1.84,0.9919
12,0.96,1.92,0.9899
13,1.04,2.00,0.9944
14,1.12,2.08,0.9958
15,1.20,2.16,0.9964
16,1.28,2.24,0.9954
17,1.36,2.32,0.9962
18,1.44,2.40,0.9941
19,1.52,2.48,0.9931
20,1.60,2.56,0.9956
21,1.68,2.64,0.9968
22,1.76,2.72,0.9941
23,1.84,2.80,0.9908
24,1.92,2.88,0.9917
25,2.00,2.96,0.9965
26,2.08,3.04,0.9899
27,2.16,3.12,0.9918
28,2.24,3.20,0.9847
29,2.32,3.28,0.9823
30,2.40,3.36,0.9825
31,2.48,3.44,0.9822
32,2.56,3.52,0.9810
33,2.64,3.60,0.9844
34,2.72,3.68,0.9829
35,2.80,3.76,0.9715
36,2.88,3.84,0.9850
37,2.96,3.92,0.9910
38,3.04,4.00,0.9943
39,3.12,4.08,0.9876
40,3.20,4.16,0.9904
41,3.28,4.24,0.9934
42,3.36,4.32,0.9891
43,3.44,4.40,0.9901
44,3.52,4.48,0.9902
45,3.60,4.56,0.9962
46,3.68,4.64,0.9983
47,3.76,4.72,0.9950
48,3.84,4.80,0.9984
49,3.92,4.88,0.9966
50,4.00,4.96,0.9975
51,4.08,5.04,0.9981
52,4.16,5.12,0.9960
53,4.24,5.20,0.9965
54,4.32,5.28,0.9957
55,4.40,5.36,0.9964
56,4.48,5.44,0.9963
57,4.56,5.52,0.9976
58,4.64,5.60,0.9972
59,4.72,5.68,0.9963
60,4.80,5.76,0.9975
61,4.88,5.84,0.9977
62,4.96,5.92,0.9980
63,5.04,6.00,0.9964
64,5.12,6.08,0.9932
65,5.20,6.16,0.9911
66,5.28,6.24,0.9885
67,5.36,6.32,0.9929
68,5.44,6.40,0.9955
69,5.52,6.48,0.9947
70,5.60,6.56,0.9972
71,5.68,6.64,0.9982
72,5.76,6.72,0.9979
73,5.84,6.80,0.9961
74,5.92,6.88,0.9979
75,6.00,6.96,0.9973
76,6.08,7.04,0.9969
77,6.16,7.12,0.9957
78,6.24,7.20,0.9927
79,6.32,7.28,0.9855
80,6.40,7.36,0.9907
81,6.48,7.44,0.9873
82,6.56,7.52,0.9974
83,6.64,7.60,0.9946
84,6.72,7.68,0.9897
85,6.80,7.76,0.9925
86,6.88,7.84,0.9964
87,6.96,7.92,0.9960
88,7.04,8.00,0.9966
89,7.12,8.08,0.9906
90,7.20,8.16,0.9877
91,7.28,8.24,0.9817
92,7.36,8.32,0.9633
93,7.44,8.40,0.9749
94,7.52,8.48,0.9449
95,7.60,8.56,0.9327
96,7.68,8.64,0.9446
97,7.76,8.72,0.9458
98,7.84,8.80,0.9698
99,7.92,8.88,0.9804
100,8.00,8.96,0.9895
101,8.08,9.04,0.9932
102,8.16,9.12,0.9960
103,8.24,9.20,0.9956
104,8.32,9.28,0.9958
105,8.40,9.36,0.9963
106,8.48,9.44,0.9961
107,8.56,9.52,0.9947
108,8.64,9.60,0.9934
109,8.72,9.68,0.9902
110,8.80,9.76,0.9925
111,8.88,9.84,0.9922
112,8.96,9.92,0.9896
113,9.04,10.00,0.9868
