0,0.00,0.96,0.0137
1,0.08,1.04,0.0056
2,0.16,1.12,0.0070
3,0.24,1.20,0.0297
4,0.32,1.28,0.0537
5,0.40,1.36,0.1420
6,0.48,1.44,0.7123
7,0.56,1.52,0.8867
8,0.64,1.60,0.9679
9,0.72,1.68,0.9887
10,0.80,1.76,0.9941
11,0.88,1.84,0.9880
12,0.96,1.92,0.9880
13,1.04,2.00,0.9768
14,1.12,2.08,0.9943
15,1.20,2.16,0.9873
16,1.28,2.24,0.9814
17,1.36,2.32,0.9750
18,1.44,2.40,0.9610
19,1.52,2.48,0.9853
20,1.60,2.56,0.9959
21,1.68,2.64,0.9932
22,1.76,2.72,0.9788
23,1.84,2.80,0.8807
24,1.92,2.88,0.7260
25,2.00,2.96,0.4145
26,2.08,3.04,0.1313
27,2.16,3.12,0.0604
28,2.24,3.20,0.0465
29,2.32,3.28,0.0651
30,2.40,3.36,0.1238
31,2.48,3.44,0.2487
32,2.56,3.52,0.7012
33,2.64,3.60,0.9094
34,2.72,3.68,0.9802
35,2.80,3.76,0.9932
36,2.88,3.84,0.9899
37,2.96,3.92,0.9831
38,3.04,4.00,0.9798
39,3.12,4.08,0.9731
40,3.20,4.16,0.9856
41,3.28,4.24,0.9894
42,3.36,4.32,0.9942
43,3.44,4.40,0.9950
44,3.52,4.48,0.9952
45,3.60,4.56,0.9971
46,3.68,4.64,0.9972
47,3.76,4.72,0.9967
48,3.84,4.80,0.9981
49,3.92,4.88,0.9977
50,4.00,4.96,0.9967
51,4.08,5.04,0.9942
52,4.16,5.12,0.9956
53,4.24,5.20,0.9967
54,4.32,5.28,0.9931
55,4.40,5.36,0.9895
56,4.48,5.44,0.8930
57,4.56,5.52,0.6564
58,4.64,5.60,0.3022
59,4.72,5.68,0.0772
60,4.80,5.76,0.0974
61,4.88,5.84,0.0552
62,4.96,5.92,0.0513
63,5.04,6.00,0.1063
64,5.12,6.08,0.1284
65,5.20,6.16,0.3333
66,5.28,6.24,0.8074
67,5.36,6.32,0.9233
68,5.44,6.40,0.9602
69,5.52,6.48,0.9900
70,5.60,6.56,0.9960
71,5.68,6.64,0.9966
72,5.76,6.72,0.9952
73,5.84,6.80,0.9941
74,5.92,6.88,0.9911
75,6.00,6.96,0.9864
76,6.08,7.04,0.9804
77,6.16,7.12,0.9786
78,6.24,7.20,0.9722
79,6.32,7.28,0.9561
80,6.40,7.36,0.9724
81,6.48,7.44,0.9811
82,6.56,7.52,0.9931
83,6.64,7.60,0.9904
84,6.72,7.68,0.9909
85,6.80,7.76,0.9883
86,6.88,7.84,0.9706
87,6.96,7.92,0.9376
88,7.04,8.00,0.8347
89,7.12,8.08,0.5446
90,7.20,8.16,0.1933
91,7.28,8.24,0.0621
92,7.36,8.32,0.0204
93,7.44,8.40,0.0192
94,7.52,8.48,0.0385
95,7.60,8.56,0.0908
96,7.68,8.64,0.4059
97,7.76,8.72,0.8596
98,7.84,8.80,0.9346
99,7.92,8.88,0.9789
100,8.00,8.96,0.9813
101,8.08,9.04,0.9851
102,8.16,9.12,0.9828
103,8.24,9.20,0.9892
104,8.32,9.28,0.9863
105,8.40,9.36,0.9926
106,8.48,9.44,0.9918
107,8.56,9.52,0.9891
108,8.64,9.60,0.9819
109,8.72,9.68,0.9867
110,8.80,9.76,0.9924
111,8.88,9.84,0.9934
112,8.96,9.92,0.9977
113,9.04,10.00,0.9986
