0,0.00,0.96,0.0252
1,0.08,1.04,0.0284
2,0.16,1.12,0.0377
3,0.24,1.20,0.0221
4,0.32,1.28,0.0179
5,0.40,1.36,0.0049
6,0.48,1.44,0.0047
7,0.56,1.52,0.0050
8,0.64,1.60,0.0052
9,0.72,1.68,0.0140
10,0.80,1.76,0.0445
11,0.88,1.84,0.0651
12,0.96,1.92,0.3249
13,1.04,2.00,0.6306
14,1.12,2.08,0.9094
15,1.20,2.16,0.9420
16,1.28,2.24,0.9735
17,1.36,2.32,0.9800
18,1.44,2.40,0.9862
19,1.52,2.48,0.9887
20,1.60,2.56,0.9884
21,1.68,2.64,0.9782
22,1.76,2.72,0.9653
23,1.84,2.80,0.9666
24,1.92,2.88,0.9723
25,2.00,2.96,0.9582
26,2.08,3.04,0.9498
27,2.16,3.12,0.8627
28,2.24,3.20,0.5352
29,2.32,3.28,0.2211
30,2.40,3.36,0.0881
31,2.48,3.44,0.0406
32,2.56,3.52,0.0502
33,2.64,3.60,0.0225
34,2.72,3.68,0.0188
35,2.80,3.76,0.0225
36,2.88,3.84,0.0211
37,2.96,3.92,0.0160
38,3.04,4.00,0.0078
39,3.12,4.08,0.0071
40,3.20,4.16,0.0051
41,3.28,4.24,0.0029
42,3.36,4.32,0.0034
43,3.44,4.40,0.0047
44,3.52,4.48,0.0213
45,3.60,4.56,0.1103
46,3.68,4.64,0.2788
47,3.76,4.72,0.6458
48,3.84,4.80,0.7732
49,3.92,4.88,0.9130
50,4.00,4.96,0.9711
51,4.08,5.04,0.9882
52,4.16,5.12,0.9858
53,4.24,5.20,0.9913
54,4.32,5.28,0.9732
55,4.40,5.36,0.9127
56,4.48,5.44,0.8550
57,4.56,5.52,0.7860
58,4.64,5.60,0.5010
59,4.72,5.68,0.1876
60,4.80,5.76,0.0250
61,4.88,5.84,0.0055
62,4.96,5.92,0.0057
63,5.04,6.00,0.0056
64,5.12,6.08,0.0041
65,5.20,6.16,0.0057
66,5.28,6.24,0.0075
67,5.36,6.32,0.0138
68,5.44,6.40,0.0154
69,5.52,6.48,0.0280
70,5.60,6.56,0.0255
71,5.68,6.64,0.0223
72,5.76,6.72,0.0348
73,5.84,6.80,0.0191
74,5.92,6.88,0.0696
75,6.00,6.96,0.0739
76,6.08,7.04,0.1055
77,6.16,7.12,0.2165
78,6.24,7.20,0.6363
79,6.32,7.28,0.8788
80,6.40,7.36,0.9089
81,6.48,7.44,0.9845
82,6.56,7.52,0.9915
83,6.64,7.60,0.9951
84,6.72,7.68,0.9922
85,6.80,7.76,0.9944
86,6.88,7.84,0.9920
87,6.96,7.92,0.9918
88,7.04,8.00,0.9870
89,7.12,8.08,0.9899
90,7.20,8.16,0.9866
91,7.28,8.24,0.9342
92,7.36,8.32,0.7216
93,7.44,8.40,0.3014
94,7.52,8.48,0.1681
95,7.60,8.56,0.0589
96,7.68,8.64,0.0281
97,7.76,8.72,0.0360
98,7.84,8.80,0.0240
99,7.92,8.88,0.0220
100,8.00,8.96,0.0099
101,8.08,9.04,0.0154
102,8.16,9.12,0.0391
103,8.24,9.20,0.0463
104,8.32,9.28,0.0746
105,8.40,9.36,0.0437
106,8.48,9.44,0.0628
107,8.56,9.52,0.0754
108,8.64,9.60,0.1838
109,8.72,9.68,0.5692
110,8.80,9.76,0.8488
111,8.88,9.84,0.9115
112,8.96,9.92,0.9455
113,9.04,10.00,0.9563
