0,0.00,0.96,0.9610
1,0.08,1.04,0.9804
2,0.16,1.12,0.9845
3,0.24,1.20,0.9775
4,0.32,1.28,0.9853
5,0.40,1.36,0.9904
6,0.48,1.44,0.9910
7,0.56,1.52,0.9902
8,0.64,1.60,0.9808
9,0.72,1.68,0.9767
10,0.80,1.76,0.8727
11,0.88,1.84,0.5465
12,0.96,1.92,0.2302
13,1.04,2.00,0.1182
14,1.12,2.08,0.0236
15,1.20,2.16,0.0080
16,1.28,2.24,0.0030
17,1.36,2.32,0.0041
18,1.44,2.40,0.0032
19,1.52,2.48,0.0038
20,1.60,2.56,0.0070
21,1.68,2.64,0.0062
22,1.76,2.72,0.0084
23,1.84,2.80,0.0084
24,1.92,2.88,0.0134
25,2.00,2.96,0.0176
26,2.08,3.04,0.0136
27,2.16,3.12,0.0180
28,2.24,3.20,0.0589
29,2.32,3.28,0.1682
30,2.40,3.36,0.2656
31,2.48,3.44,0.6988
32,2.56,3.52,0.8505
33,2.64,3.60,0.9762
34,2.72,3.68,0.9933
35,2.80,3.76,0.9958
36,2.88,3.84,0.9962
37,2.96,3.92,0.9953
38,3.04,4.00,0.9963
39,3.12,4.08,0.9950
40,3.20,4.16,0.9952
41,3.28,4.24,0.9966
42,3.36,4.32,0.9949
43,3.44,4.40,0.9927
44,3.52,4.48,0.9872
45,3.60,4.56,0.9812
46,3.68,4.64,0.9635
47,3.76,4.72,0.9813
48,3.84,4.80,0.9935
49,3.92,4.88,0.9966
50,4.00,4.96,0.9916
51,4.08,5.04,0.9942
52,4.16,5.12,0.9970
53,4.24,5.20,0.9955
54,4.32,5.28,0.9953
55,4.40,5.36,0.9868
56,4.48,5.44,0.9898
57,4.56,5.52,0.9843
58,4.64,5.60,0.9878
59,4.72,5.68,0.9772
60,4.80,5.76,0.9860
61,4.88,5.84,0.9925
62,4.96,5.92,0.9893
63,5.04,6.00,0.9831
64,5.12,6.08,0.9610
65,5.20,6.16,0.9685
66,5.28,6.24,0.9693
67,5.36,6.32,0.9529
68,5.44,6.40,0.9737
69,5.52,6.48,0.9746
70,5.60,6.56,0.9614
71,5.68,6.64,0.9418
72,5.76,6.72,0.9399
73,5.84,6.80,0.8789
74,5.92,6.88,0.6341
75,6.00,6.96,0.3615
76,6.08,7.04,0.0780
77,6.16,7.12,0.0327
78,6.24,7.20,0.0198
79,6.32,7.28,0.0123
80,6.40,7.36,0.0152
81,6.48,7.44,0.0108
82,6.56,7.52,0.0150
83,6.64,7.60,0.0200
84,6.72,7.68,0.0049
85,6.80,7.76,0.0110
86,6.88,7.84,0.0028
87,6.96,7.92,0.0030
88,7.04,8.00,0.0070
89,7.12,8.08,0.0072
90,7.20,8.16,0.0042
91,7.28,8.24,0.0033
92,7.36,8.32,0.0076
93,7.44,8.40,0.0036
94,7.52,8.48,0.0084
95,7.60,8.56,0.0094
96,7.68,8.64,0.0060
97,7.76,8.72,0.0056
98,7.84,8.80,0.0043
99,7.92,8.88,0.0086
100,8.00,8.96,0.0142
101,8.08,9.04,0.0078
102,8.16,9.12,0.0125
103,8.24,9.20,0.0232
104,8.32,9.28,0.1567
105,8.40,9.36,0.3012
106,8.48,9.44,0.8296
107,8.56,9.52,0.9472
108,8.64,9.60,0.9664
109,8.72,9.68,0.9782
110,8.80,9.76,0.9798
111,8.88,9.84,0.9718
112,8.96,9.92,0.9795
113,9.04,10.00,0.9706
