0,0.00,0.96,0.8998
1,0.08,1.04,0.7857
2,0.16,1.12,0.5599
3,0.24,1.20,0.2086
4,0.32,1.28,0.0236
5,0.40,1.36,0.0081
6,0.48,1.44,0.0120
7,0.56,1.52,0.0030
8,0.64,1.60,0.0036
9,0.72,1.68,0.0028
10,0.80,1.76,0.0059
11,0.88,1.84,0.0053
12,0.96,1.92,0.0081
13,1.04,2.00,0.0123
14,1.12,2.08,0.0312
15,1.20,2.16,0.0252
16,1.28,2.24,0.0278
17,1.36,2.32,0.0125
18,1.44,2.40,0.0234
19,1.52,2.48,0.0154
20,1.60,2.56,0.0120
21,1.68,2.64,0.0128
22,1.76,2.72,0.0066
23,1.84,2.80,0.0110
24,1.92,2.88,0.0329
25,2.00,2.96,0.0888
26,2.08,3.04,0.1330
27,2.16,3.12,0.4119
28,2.24,3.20,0.8302
29,2.32,3.28,0.8820
30,2.40,3.36,0.9361
31,2.48,3.44,0.9817
32,2.56,3.52,0.9891
33,2.64,3.60,0.9922
34,2.72,3.68,0.9968
35,2.80,3.76,0.9970
36,2.88,3.84,0.9974
37,2.96,3.92,0.9991
38,3.04,4.00,0.9986
39,3.12,4.08,0.9971
40,3.20,4.16,0.9972
41,3.28,4.24,0.9972
42,3.36,4.32,0.9953
43,3.44,4.40,0.9880
44,3.52,4.48,0.9921
45,3.60,4.56,0.9761
46,3.68,4.64,0.8587
47,3.76,4.72,0.6643
48,3.84,4.80,0.2830
49,3.92,4.88,0.0893
50,4.00,4.96,0.0510
51,4.08,5.04,0.0166
52,4.16,5.12,0.0177
53,4.24,5.20,0.0425
54,4.32,5.28,0.0440
55,4.40,5.36,0.0307
56,4.48,5.44,0.0215
57,4.56,5.52,0.0170
58,4.64,5.60,0.0151
59,4.72,5.68,0.0129
60,4.80,5.76,0.0211
61,4.88,5.84,0.0089
62,4.96,5.92,0.0153
63,5.04,6.00,0.0131
64,5.12,6.08,0.0165
65,5.20,6.16,0.0097
66,5.28,6.24,0.0204
67,5.36,6.32,0.0353
68,5.44,6.40,0.0476
69,5.52,6.48,0.0193
70,5.60,6.56,0.0312
71,5.68,6.64,0.0497
72,5.76,6.72,0.0437
73,5.84,6.80,0.1278
74,5.92,6.88,0.4219
75,6.00,6.96,0.8075
76,6.08,7.04,0.9453
77,6.16,7.12,0.9829
78,6.24,7.20,0.9957
79,6.32,7.28,0.9980
80,6.40,7.36,0.9908
81,6.48,7.44,0.9899
82,6.56,7.52,0.9898
83,6.64,7.60,0.9784
84,6.72,7.68,0.9835
85,6.80,7.76,0.9923
86,6.88,7.84,0.9873
87,6.96,7.92,0.9904
88,7.04,8.00,0.9861
89,7.12,8.08,0.9833
90,7.20,8.16,0.9930
91,7.28,8.24,0.9898
92,7.36,8.32,0.9885
93,7.44,8.40,0.9427
94,7.52,8.48,0.9402
95,7.60,8.56,0.8358
96,7.68,8.64,0.4939
97,7.76,8.72,0.2349
98,7.84,8.80,0.0443
99,7.92,8.88,0.0392
100,8.00,8.96,0.0216
101,8.08,9.04,0.0171
102,8.16,9.12,0.0135
103,8.24,9.20,0.0108
104,8.32,9.28,0.0164
105,8.40,9.36,0.0187
106,8.48,9.44,0.0249
107,8.56,9.52,0.0230
108,8.64,9.60,0.0276
109,8.72,9.68,0.0206
110,8.80,9.76,0.0598
111,8.88,9.84,0.0310
112,8.96,9.92,0.0977
113,9.04,10.00,0.3335
