0,0.00,0.96,0.9993
1,0.08,1.04,0.9993
2,0.16,1.12,0.9992
3,0.24,1.20,0.9992
4,0.32,1.28,0.9992
5,0.40,1.36,0.9992
6,0.48,1.44,0.9995
7,0.56,1.52,0.9993
8,0.64,1.60,0.9994
9,0.72,1.68,0.9994
10,0.80,1.76,0.9990
11,0.88,1.84,0.9992
12,0.96,1.92,0.9994
13,1.04,2.00,0.9992
14,1.12,2.08,0.9991
15,1.20,2.16,0.9987
16,1.28,2.24,0.9983
17,1.36,2.32,0.9988
18,1.44,2.40,0.9987
19,1.52,2.48,0.9984
20,1.60,2.56,0.9983
21,1.68,2.64,0.9967
22,1.76,2.72,0.9897
23,1.84,2.80,0.9611
24,1.92,2.88,0.7307
25,2.00,2.96,0.2311
26,2.08,3.04,0.0496
27,2.16,3.12,0.0157
28,2.24,3.20,0.0095
29,2.32,3.28,0.0082
30,2.40,3.36,0.0253
31,2.48,3.44,0.0888
32,2.56,3.52,0.5100
33,2.64,3.60,0.8515
34,2.72,3.68,0.9817
35,2.80,3.76,0.9951
36,2.88,3.84,0.9989
37,2.96,3.92,0.9994
38,3.04,4.00,0.9992
39,3.12,4.08,0.9991
40,3.20,4.16,0.9992
41,3.28,4.24,0.9994
42,3.36,4.32,0.9993
43,3.44,4.40,0.9993
44,3.52,4.48,0.9994
45,3.60,4.56,0.9993
46,3.68,4.64,0.9990
47,3.76,4.72,0.9988
48,3.84,4.80,0.9989
49,3.92,4.88,0.9992
50,4.00,4.96,0.9994
51,4.08,5.04,0.9995
52,4.16,5.12,0.9994
53,4.24,5.20,0.9995
54,4.32,5.28,0.9993
55,4.40,5.36,0.9992
56,4.48,5.44,0.9990
57,4.56,5.52,0.9987
58,4.64,5.60,0.9989
59,4.72,5.68,0.9989
60,4.80,5.76,0.9989
61,4.88,5.84,0.9984
62,4.96,5.92,0.9954
63,5.04,6.00,0.9803
64,5.12,6.08,0.8704
65,5.20,6.16,0.4721
66,5.28,6.24,0.0931
67,5.36,6.32,0.0227
68,5.44,6.40,0.0092
69,5.52,6.48,0.0043
70,5.60,6.56,0.0037
71,5.68,6.64,0.0035
72,5.76,6.72,0.0052
73,5.84,6.80,0.0110
74,5.92,6.88,0.0690
75,6.00,6.96,0.3919
76,6.08,7.04,0.8469
77,6.16,7.12,0.9835
78,6.24,7.20,0.9960
79,6.32,7.28,0.9993
80,6.40,7.36,0.9995
81,6.48,7.44,0.9995
82,6.56,7.52,0.9994
83,6.64,7.60,0.9994
84,6.72,7.68,0.9995
85,6.80,7.76,0.9994
86,6.88,7.84,0.9996
87,6.96,7.92,0.9995
88,7.04,8.00,0.9994
89,7.12,8.08,0.9989
90,7.20,8.16,0.9977
91,7.28,8.24,0.9906
92,7.36,8.32,0.9367
93,7.44,8.40,0.6153
94,7.52,8.48,0.2912
95,7.60,8.56,0.0559
96,7.68,8.64,0.0106
97,7.76,8.72,0.0052
98,7.84,8.80,0.0076
99,7.92,8.88,0.0273
100,8.00,8.96,0.1463
101,8.08,9.04,0.5903
102,8.16,9.12,0.9019
103,8.24,9.20,0.9845
104,8.32,9.28,0.9953
105,8.40,9.36,0.9979
106,8.48,9.44,0.9984
107,8.56,9.52,0.9982
108,8.64,9.60,0.9988
109,8.72,9.68,0.9990
110,8.80,9.76,0.9992
111,8.88,9.84,0.9992
112,8.96,9.92,0.9993
113,9.04,10.00,0.9989
