0,0.00,0.96,0.8176
1,0.08,1.04,0.4330
2,0.16,1.12,0.3262
3,0.24,1.20,0.0731
4,0.32,1.28,0.0768
5,0.40,1.36,0.2325
6,0.48,1.44,0.0328
7,0.56,1.52,0.0718
8,0.64,1.60,0.3666
9,0.72,1.68,0.4690
10,0.80,1.76,0.3725
11,0.88,1.84,0.1474
12,0.96,1.92,0.3952
13,1.04,2.00,0.0784
14,1.12,2.08,0.1299
15,1.20,2.16,0.1434
16,1.28,2.24,0.5011
17,1.36,2.32,0.2310
18,1.44,2.40,0.1155
19,1.52,2.48,0.0218
20,1.60,2.56,0.0778
21,1.68,2.64,0.0752
22,1.76,2.72,0.0502
23,1.84,2.80,0.0536
24,1.92,2.88,0.3568
25,2.00,2.96,0.2353
26,2.08,3.04,0.1833
27,2.16,3.12,0.7577
28,2.24,3.20,0.8163
29,2.32,3.28,0.9676
30,2.40,3.36,0.9445
31,2.48,3.44,0.9494
32,2.56,3.52,0.9628
33,2.64,3.60,0.9956
34,2.72,3.68,0.9991
35,2.80,3.76,0.9997
36,2.88,3.84,0.9979
37,2.96,3.92,0.9824
38,3.04,4.00,0.9931
39,3.12,4.08,0.9986
40,3.20,4.16,0.9994
41,3.28,4.24,0.9980
42,3.36,4.32,0.9982
43,3.44,4.40,0.9982
44,3.52,4.48,0.9954
45,3.60,4.56,0.9897
46,3.68,4.64,0.9748
47,3.76,4.72,0.8063
48,3.84,4.80,0.4188
49,3.92,4.88,0.1366
50,4.00,4.96,0.0113
51,4.08,5.04,0.0208
52,4.16,5.12,0.0273
53,4.24,5.20,0.1154
54,4.32,5.28,0.5016
55,4.40,5.36,0.8519
56,4.48,5.44,0.9661
57,4.56,5.52,0.8066
58,4.64,5.60,0.2862
59,4.72,5.68,0.7580
60,4.80,5.76,0.9769
61,4.88,5.84,0.9982
62,4.96,5.92,0.9989
63,5.04,6.00,0.9665
64,5.12,6.08,0.9851
65,5.20,6.16,0.9935
66,5.28,6.24,0.9987
67,5.36,6.32,0.9997
68,5.44,6.40,0.9998
69,5.52,6.48,0.9987
70,5.60,6.56,0.9881
71,5.68,6.64,0.9935
72,5.76,6.72,0.9696
73,5.84,6.80,0.9967
74,5.92,6.88,0.9312
75,6.00,6.96,0.9741
76,6.08,7.04,0.9831
77,6.16,7.12,0.9733
78,6.24,7.20,0.8923
79,6.32,7.28,0.3039
80,6.40,7.36,0.3063
81,6.48,7.44,0.3139
82,6.56,7.52,0.8531
83,6.64,7.60,0.7035
84,6.72,7.68,0.8867
85,6.80,7.76,0.5782
86,6.88,7.84,0.8404
87,6.96,7.92,0.1880
88,7.04,8.00,0.9390
89,7.12,8.08,0.9332
90,7.20,8.16,0.1760
91,7.28,8.24,0.1536
92,7.36,8.32,0.0993
93,7.44,8.40,0.0775
94,7.52,8.48,0.0750
95,7.60,8.56,0.0364
96,7.68,8.64,0.0127
97,7.76,8.72,0.0028
98,7.84,8.80,0.0163
99,7.92,8.88,0.1154
100,8.00,8.96,0.0739
101,8.08,9.04,0.0802
102,8.16,9.12,0.0178
103,8.24,9.20,0.0322
104,8.32,9.28,0.0646
105,8.40,9.36,0.0583
106,8.48,9.44,0.1279
107,8.56,9.52,0.2036
108,8.64,9.60,0.0463
109,8.72,9.68,0.2928
110,8.80,9.76,0.2089
111,8.88,9.84,0.7719
112,8.96,9.92,0.7891
113,9.04,10.00,0.9780
