0,0.00,0.96,0.9984
1,0.08,1.04,0.9986
2,0.16,1.12,0.9984
3,0.24,1.20,0.9985
4,0.32,1.28,0.9980
5,0.40,1.36,0.9982
6,0.48,1.44,0.9984
7,0.56,1.52,0.9992
8,0.64,1.60,0.9994
9,0.72,1.68,0.9997
10,0.80,1.76,0.9992
11,0.88,1.84,0.9987
12,0.96,1.92,0.9986
13,1.04,2.00,0.9992
14,1.12,2.08,0.9992
15,1.20,2.16,0.9984
16,1.28,2.24,0.9976
17,1.36,2.32,0.9921
18,1.44,2.40,0.9598
19,1.52,2.48,0.9206
20,1.60,2.56,0.6209
21,1.68,2.64,0.2332
22,1.76,2.72,0.0625
23,1.84,2.80,0.0210
24,1.92,2.88,0.0089
25,2.00,2.96,0.0071
26,2.08,3.04,0.0086
27,2.16,3.12,0.0154
28,2.24,3.20,0.0244
29,2.32,3.28,0.0240
30,2.40,3.36,0.0884
31,2.48,3.44,0.3163
32,2.56,3.52,0.6639
33,2.64,3.60,0.9299
34,2.72,3.68,0.9887
35,2.80,3.76,0.9969
36,2.88,3.84,0.9989
37,2.96,3.92,0.9989
38,3.04,4.00,0.9995
39,3.12,4.08,0.9989
40,3.20,4.16,0.9991
41,3.28,4.24,0.9992
42,3.36,4.32,0.9994
43,3.44,4.40,0.9991
44,3.52,4.48,0.9994
45,3.60,4.56,0.9992
46,3.68,4.64,0.9980
47,3.76,4.72,0.9930
48,3.84,4.80,0.9768
49,3.92,4.88,0.8195
50,4.00,4.96,0.6178
51,4.08,5.04,0.2885
52,4.16,5.12,0.1458
53,4.24,5.20,0.0877
54,4.32,5.28,0.0357
55,4.40,5.36,0.0182
56,4.48,5.44,0.0062
57,4.56,5.52,0.0060
58,4.64,5.60,0.0130
59,4.72,5.68,0.0094
60,4.80,5.76,0.0090
61,4.88,5.84,0.0077
62,4.96,5.92,0.0095
63,5.04,6.00,0.0157
64,5.12,6.08,0.0084
65,5.20,6.16,0.0055
66,5.28,6.24,0.0109
67,5.36,6.32,0.0143
68,5.44,6.40,0.0124
69,5.52,6.48,0.0225
70,5.60,6.56,0.0120
71,5.68,6.64,0.0166
72,5.76,6.72,0.0150
73,5.84,6.80,0.0177
74,5.92,6.88,0.0068
75,6.00,6.96,0.0069
76,6.08,7.04,0.0109
77,6.16,7.12,0.0160
78,6.24,7.20,0.0575
79,6.32,7.28,0.2472
80,6.40,7.36,0.5177
81,6.48,7.44,0.8992
82,6.56,7.52,0.9715
83,6.64,7.60,0.9937
84,6.72,7.68,0.9983
85,6.80,7.76,0.9986
86,6.88,7.84,0.9992
87,6.96,7.92,0.9990
88,7.04,8.00,0.9988
89,7.12,8.08,0.9991
90,7.20,8.16,0.9988
91,7.28,8.24,0.9984
92,7.36,8.32,0.9990
93,7.44,8.40,0.9990
94,7.52,8.48,0.9984
95,7.60,8.56,0.9989
96,7.68,8.64,0.9988
97,7.76,8.72,0.9980
98,7.84,8.80,0.9957
99,7.92,8.88,0.9977
100,8.00,8.96,0.9974
101,8.08,9.04,0.9966
102,8.16,9.12,0.9979
103,8.24,9.20,0.9987
104,8.32,9.28,0.9983
105,8.40,9.36,0.9989
106,8.48,9.44,0.9995
107,8.56,9.52,0.9997
108,8.64,9.60,0.9997
109,8.72,9.68,0.9997
110,8.80,9.76,0.9995
111,8.88,9.84,0.9994
112,8.96,9.92,0.9995
113,9.04,10.00,0.9991
