0,0.00,0.96,0.5316
1,0.08,1.04,0.6391
2,0.16,1.12,0.9298
3,0.24,1.20,0.9688
4,0.32,1.28,0.9911
5,0.40,1.36,0.9923
6,0.48,1.44,0.9964
7,0.56,1.52,0.9970
8,0.64,1.60,0.9847
9,0.72,1.68,0.9851
10,0.80,1.76,0.9654
11,0.88,1.84,0.9552
12,0.96,1.92,0.8537
13,1.04,2.00,0.6403
14,1.12,2.08,0.2021
15,1.20,2.16,0.0500
16,1.28,2.24,0.0269
17,1.36,2.32,0.0169
18,1.44,2.40,0.0362
19,1.52,2.48,0.0308
20,1.60,2.56,0.0149
21,1.68,2.64,0.0103
22,1.76,2.72,0.0218
23,1.84,2.80,0.0253
24,1.92,2.88,0.0400
25,2.00,2.96,0.1748
26,2.08,3.04,0.3038
27,2.16,3.12,0.3730
28,2.24,3.20,0.7009
29,2.32,3.28,0.9376
30,2.40,3.36,0.9778
31,2.48,3.44,0.9688
32,2.56,3.52,0.9812
33,2.64,3.60,0.9596
34,2.72,3.68,0.8893
35,2.80,3.76,0.6892
36,2.88,3.84,0.1858
37,2.96,3.92,0.0799
38,3.04,4.00,0.0597
39,3.12,4.08,0.0656
40,3.20,4.16,0.0697
41,3.28,4.24,0.0738
42,3.36,4.32,0.0229
43,3.44,4.40,0.0231
44,3.52,4.48,0.0137
45,3.60,4.56,0.0315
46,3.68,4.64,0.0557
47,3.76,4.72,0.0281
48,3.84,4.80,0.0267
49,3.92,4.88,0.0302
50,4.00,4.96,0.0476
51,4.08,5.04,0.0165
52,4.16,5.12,0.0051
53,4.24,5.20,0.0073
54,4.32,5.28,0.0026
55,4.40,5.36,0.0073
56,4.48,5.44,0.0340
57,4.56,5.52,0.2364
58,4.64,5.60,0.5043
59,4.72,5.68,0.8575
60,4.80,5.76,0.9755
61,4.88,5.84,0.9843
62,4.96,5.92,0.9961
63,5.04,6.00,0.9977
64,5.12,6.08,0.9969
65,5.20,6.16,0.9972
66,5.28,6.24,0.9971
67,5.36,6.32,0.9982
68,5.44,6.40,0.9976
69,5.52,6.48,0.9979
70,5.60,6.56,0.9968
71,5.68,6.64,0.9948
72,5.76,6.72,0.9959
73,5.84,6.80,0.9938
74,5.92,6.88,0.9967
75,6.00,6.96,0.9978
76,6.08,7.04,0.9964
77,6.16,7.12,0.9970
78,6.24,7.20,0.9955
79,6.32,7.28,0.9901
80,6.40,7.36,0.9892
81,6.48,7.44,0.9903
82,6.56,7.52,0.9909
83,6.64,7.60,0.9829
84,6.72,7.68,0.9682
85,6.80,7.76,0.7889
86,6.88,7.84,0.4059
87,6.96,7.92,0.3475
88,7.04,8.00,0.0744
89,7.12,8.08,0.0733
90,7.20,8.16,0.1072
91,7.28,8.24,0.3598
92,7.36,8.32,0.7266
93,7.44,8.40,0.9527
94,7.52,8.48,0.9880
95,7.60,8.56,0.9889
96,7.68,8.64,0.9912
97,7.76,8.72,0.9936
98,7.84,8.80,0.9965
99,7.92,8.88,0.9992
100,8.00,8.96,0.9993
101,8.08,9.04,0.9984
102,8.16,9.12,0.9981
103,8.24,9.20,0.9982
104,8.32,9.28,0.9974
105,8.40,9.36,0.9980
106,8.48,9.44,0.9924
107,8.56,9.52,0.9955
108,8.64,9.60,0.9948
109,8.72,9.68,0.9952
110,8.80,9.76,0.9981
111,8.88,9.84,0.9959
112,8.96,9.92,0.9968
113,9.04,10.00,0.9981
