0,0.00,0.96,0.9952
1,0.08,1.04,0.9867
2,0.16,1.12,0.9714
3,0.24,1.20,0.9840
4,0.32,1.28,0.9800
5,0.40,1.36,0.9862
6,0.48,1.44,0.9914
7,0.56,1.52,0.9980
8,0.64,1.60,0.9982
9,0.72,1.68,0.9961
10,0.80,1.76,0.9974
11,0.88,1.84,0.9939
12,0.96,1.92,0.9970
13,1.04,2.00,0.9966
14,1.12,2.08,0.9971
15,1.20,2.16,0.9859
16,1.28,2.24,0.9307
17,1.36,2.32,0.8666
18,1.44,2.40,0.9794
19,1.52,2.48,0.9532
20,1.60,2.56,0.9718
21,1.68,2.64,0.9213
22,1.76,2.72,0.8129
23,1.84,2.80,0.6054
24,1.92,2.88,0.6575
25,2.00,2.96,0.4641
26,2.08,3.04,0.2864
27,2.16,3.12,0.3418
28,2.24,3.20,0.1520
29,2.32,3.28,0.3045
30,2.40,3.36,0.5439
31,2.48,3.44,0.8039
32,2.56,3.52,0.8803
33,2.64,3.60,0.9293
34,2.72,3.68,0.9473
35,2.80,3.76,0.9616
36,2.88,3.84,0.9640
37,2.96,3.92,0.9841
38,3.04,4.00,0.9806
39,3.12,4.08,0.9790
40,3.20,4.16,0.9670
41,3.28,4.24,0.7922
42,3.36,4.32,0.3382
43,3.44,4.40,0.1412
44,3.52,4.48,0.0392
45,3.60,4.56,0.0133
46,3.68,4.64,0.0493
47,3.76,4.72,0.0137
48,3.84,4.80,0.0840
49,3.92,4.88,0.0952
50,4.00,4.96,0.1700
51,4.08,5.04,0.2411
52,4.16,5.12,0.2698
53,4.24,5.20,0.4894
54,4.32,5.28,0.1875
55,4.40,5.36,0.1338
56,4.48,5.44,0.0604
57,4.56,5.52,0.0160
58,4.64,5.60,0.0122
59,4.72,5.68,0.0701
60,4.80,5.76,0.0645
61,4.88,5.84,0.3164
62,4.96,5.92,0.7717
63,5.04,6.00,0.9816
64,5.12,6.08,0.9968
65,5.20,6.16,0.9996
66,5.28,6.24,0.9997
67,5.36,6.32,0.9997
68,5.44,6.40,0.9997
69,5.52,6.48,0.9994
70,5.60,6.56,0.9985
71,5.68,6.64,0.9968
72,5.76,6.72,0.9759
73,5.84,6.80,0.7288
74,5.92,6.88,0.4985
75,6.00,6.96,0.1554
76,6.08,7.04,0.0538
77,6.16,7.12,0.0365
78,6.24,7.20,0.0266
79,6.32,7.28,0.0705
80,6.40,7.36,0.0592
81,6.48,7.44,0.1353
82,6.56,7.52,0.1369
83,6.64,7.60,0.1235
84,6.72,7.68,0.1538
85,6.80,7.76,0.0769
86,6.88,7.84,0.1608
87,6.96,7.92,0.3869
88,7.04,8.00,0.6602
89,7.12,8.08,0.4240
90,7.20,8.16,0.2199
91,7.28,8.24,0.2100
92,7.36,8.32,0.5185
93,7.44,8.40,0.5394
94,7.52,8.48,0.3305
95,7.60,8.56,0.1085
96,7.68,8.64,0.0584
97,7.76,8.72,0.0290
98,7.84,8.80,0.0565
99,7.92,8.88,0.1109
100,8.00,8.96,0.0568
101,8.08,9.04,0.1853
102,8.16,9.12,0.5042
103,8.24,9.20,0.5499
104,8.32,9.28,0.8196
105,8.40,9.36,0.9541
106,8.48,9.44,0.9834
107,8.56,9.52,0.9638
108,8.64,9.60,0.9806
109,8.72,9.68,0.9909
110,8.80,9.76,0.9975
111,8.88,9.84,0.9948
112,8.96,9.92,0.9915
113,9.04,10.00,0.9903
