0,0.00,0.96,0.9997
1,0.08,1.04,0.9997
2,0.16,1.12,0.9988
3,0.24,1.20,0.9967
4,0.32,1.28,0.9987
5,0.40,1.36,0.9915
6,0.48,1.44,0.9873
7,0.56,1.52,0.8662
8,0.64,1.60,0.9333
9,0.72,1.68,0.9528
10,0.80,1.76,0.9810
11,0.88,1.84,0.8154
12,0.96,1.92,0.6637
13,1.04,2.00,0.1351
14,1.12,2.08,0.0773
15,1.20,2.16,0.3977
16,1.28,2.24,0.1949
17,1.36,2.32,0.0276
18,1.44,2.40,0.0200
19,1.52,2.48,0.0055
20,1.60,2.56,0.0041
21,1.68,2.64,0.0763
22,1.76,2.72,0.0400
23,1.84,2.80,0.2634
24,1.92,2.88,0.5495
25,2.00,2.96,0.5552
26,2.08,3.04,0.7818
27,2.16,3.12,0.5711
28,2.24,3.20,0.8988
29,2.32,3.28,0.7970
30,2.40,3.36,0.7664
31,2.48,3.44,0.7034
32,2.56,3.52,0.9181
33,2.64,3.60,0.9689
34,2.72,3.68,0.3669
35,2.80,3.76,0.6522
36,2.88,3.84,0.1875
37,2.96,3.92,0.2542
38,3.04,4.00,0.3603
39,3.12,4.08,0.3127
40,3.20,4.16,0.5130
41,3.28,4.24,0.6870
42,3.36,4.32,0.2502
43,3.44,4.40,0.0590
44,3.52,4.48,0.0502
45,3.60,4.56,0.0050
46,3.68,4.64,0.0044
47,3.76,4.72,0.0651
48,3.84,4.80,0.0087
49,3.92,4.88,0.0098
50,4.00,4.96,0.0073
51,4.08,5.04,0.2309
52,4.16,5.12,0.1096
53,4.24,5.20,0.0618
54,4.32,5.28,0.0170
55,4.40,5.36,0.0280
56,4.48,5.44,0.0604
57,4.56,5.52,0.0207
58,4.64,5.60,0.1301
59,4.72,5.68,0.1938
60,4.80,5.76,0.4590
61,4.88,5.84,0.2798
62,4.96,5.92,0.3310
63,5.04,6.00,0.2311
64,5.12,6.08,0.7177
65,5.20,6.16,0.6475
66,5.28,6.24,0.5586
67,5.36,6.32,0.3498
68,5.44,6.40,0.2397
69,5.52,6.48,0.4607
70,5.60,6.56,0.8578
71,5.68,6.64,0.7851
72,5.76,6.72,0.9044
73,5.84,6.80,0.9575
74,5.92,6.88,0.9821
75,6.00,6.96,0.8128
76,6.08,7.04,0.6258
77,6.16,7.12,0.2737
78,6.24,7.20,0.4872
79,6.32,7.28,0.3257
80,6.40,7.36,0.3419
81,6.48,7.44,0.1603
82,6.56,7.52,0.2213
83,6.64,7.60,0.1107
84,6.72,7.68,0.4899
85,6.80,7.76,0.7179
86,6.88,7.84,0.7177
87,6.96,7.92,0.4931
88,7.04,8.00,0.0254
89,7.12,8.08,0.0138
90,7.20,8.16,0.0053
91,7.28,8.24,0.0121
92,7.36,8.32,0.0503
93,7.44,8.40,0.1309
94,7.52,8.48,0.6670
95,7.60,8.56,0.5683
96,7.68,8.64,0.5298
97,7.76,8.72,0.9343
98,7.84,8.80,0.9683
99,7.92,8.88,0.9666
100,8.00,8.96,0.9983
101,8.08,9.04,0.9989
102,8.16,9.12,0.9971
103,8.24,9.20,0.9866
104,8.32,9.28,0.9978
105,8.40,9.36,0.9973
106,8.48,9.44,0.9957
107,8.56,9.52,0.9977
108,8.64,9.60,0.9990
109,8.72,9.68,0.9991
110,8.80,9.76,0.9995
111,8.88,9.84,0.9994
112,8.96,9.92,0.9994
113,9.04,10.00,0.9962
