0,0.00,0.96,0.9894
1,0.08,1.04,0.9884
2,0.16,1.12,0.9818
3,0.24,1.20,0.9859
4,0.32,1.28,0.9835
5,0.40,1.36,0.9858
6,0.48,1.44,0.9969
7,0.56,1.52,0.9967
8,0.64,1.60,0.9964
9,0.72,1.68,0.9891
10,0.80,1.76,0.9485
11,0.88,1.84,0.8442
12,0.96,1.92,0.8862
13,1.04,2.00,0.5619
14,1.12,2.08,0.3125
15,1.20,2.16,0.0906
16,1.28,2.24,0.0097
17,1.36,2.32,0.0069
18,1.44,2.40,0.0475
19,1.52,2.48,0.0678
20,1.60,2.56,0.1660
21,1.68,2.64,0.1042
22,1.76,2.72,0.0191
23,1.84,2.80,0.0107
24,1.92,2.88,0.0184
25,2.00,2.96,0.0254
26,2.08,3.04,0.0279
27,2.16,3.12,0.0214
28,2.24,3.20,0.0452
29,2.32,3.28,0.0322
30,2.40,3.36,0.0414
31,2.48,3.44,0.0471
32,2.56,3.52,0.0363
33,2.64,3.60,0.0211
34,2.72,3.68,0.0209
35,2.80,3.76,0.1187
36,2.88,3.84,0.3500
37,2.96,3.92,0.7129
38,3.04,4.00,0.7954
39,3.12,4.08,0.8330
40,3.20,4.16,0.9754
41,3.28,4.24,0.9945
42,3.36,4.32,0.9969
43,3.44,4.40,0.9965
44,3.52,4.48,0.9907
45,3.60,4.56,0.9954
46,3.68,4.64,0.9979
47,3.76,4.72,0.9960
48,3.84,4.80,0.9931
49,3.92,4.88,0.9972
50,4.00,4.96,0.9951
51,4.08,5.04,0.9985
52,4.16,5.12,0.9980
53,4.24,5.20,0.9968
54,4.32,5.28,0.9966
55,4.40,5.36,0.9953
56,4.48,5.44,0.9978
57,4.56,5.52,0.9986
58,4.64,5.60,0.9991
59,4.72,5.68,0.9988
60,4.80,5.76,0.9972
61,4.88,5.84,0.9941
62,4.96,5.92,0.9775
63,5.04,6.00,0.9705
64,5.12,6.08,0.9281
65,5.20,6.16,0.6945
66,5.28,6.24,0.2300
67,5.36,6.32,0.2533
68,5.44,6.40,0.1488
69,5.52,6.48,0.0949
70,5.60,6.56,0.1973
71,5.68,6.64,0.1098
72,5.76,6.72,0.0748
73,5.84,6.80,0.0577
74,5.92,6.88,0.0232
75,6.00,6.96,0.0367
76,6.08,7.04,0.0348
77,6.16,7.12,0.0567
78,6.24,7.20,0.1182
79,6.32,7.28,0.3010
80,6.40,7.36,0.5624
81,6.48,7.44,0.8833
82,6.56,7.52,0.9593
83,6.64,7.60,0.9831
84,6.72,7.68,0.9979
85,6.80,7.76,0.9974
86,6.88,7.84,0.9980
87,6.96,7.92,0.9985
88,7.04,8.00,0.9977
89,7.12,8.08,0.9969
90,7.20,8.16,0.9937
91,7.28,8.24,0.9867
92,7.36,8.32,0.9476
93,7.44,8.40,0.8375
94,7.52,8.48,0.7118
95,7.60,8.56,0.2696
96,7.68,8.64,0.4830
97,7.76,8.72,0.7783
98,7.84,8.80,0.7442
99,7.92,8.88,0.7822
100,8.00,8.96,0.8491
101,8.08,9.04,0.6133
102,8.16,9.12,0.7252
103,8.24,9.20,0.6137
104,8.32,9.28,0.8690
105,8.40,9.36,0.7959
106,8.48,9.44,0.8425
107,8.56,9.52,0.7677
108,8.64,9.60,0.9179
109,8.72,9.68,0.8251
110,8.80,9.76,0.8736
111,8.88,9.84,0.8526
112,8.96,9.92,0.7864
113,9.04,10.00,0.6574
