0,0.00,0.96,0.0166
1,0.08,1.04,0.0156
2,0.16,1.12,0.0079
3,0.24,1.20,0.0107
4,0.32,1.28,0.0125
5,0.40,1.36,0.0124
6,0.48,1.44,0.0111
7,0.56,1.52,0.0051
8,0.64,1.60,0.0029
9,0.72,1.68,0.0070
10,0.80,1.76,0.0062
11,0.88,1.84,0.0100
12,0.96,1.92,0.0057
13,1.04,2.00,0.0045
14,1.12,2.08,0.0069
15,1.20,2.16,0.0073
16,1.28,2.24,0.0101
17,1.36,2.32,0.0133
18,1.44,2.40,0.0242
19,1.52,2.48,0.0584
20,1.60,2.56,0.1704
21,1.68,2.64,0.7127
22,1.76,2.72,0.9664
23,1.84,2.80,0.9892
24,1.92,2.88,0.9953
25,2.00,2.96,0.9977
26,2.08,3.04,0.9987
27,2.16,3.12,0.9987
28,2.24,3.20,0.9990
29,2.32,3.28,0.9990
30,2.40,3.36,0.9990
31,2.48,3.44,0.9996
32,2.56,3.52,0.9994
33,2.64,3.60,0.9996
34,2.72,3.68,0.9997
35,2.80,3.76,0.9997
36,2.88,3.84,0.9993
37,2.96,3.92,0.9992
38,3.04,4.00,0.9988
39,3.12,4.08,0.9978
40,3.20,4.16,0.9903
41,3.28,4.24,0.9699
42,3.36,4.32,0.8849
43,3.44,4.40,0.6323
44,3.52,4.48,0.1944
45,3.60,4.56,0.0417
46,3.68,4.64,0.0297
47,3.76,4.72,0.0780
48,3.84,4.80,0.1932
49,3.92,4.88,0.5647
50,4.00,4.96,0.8695
51,4.08,5.04,0.9691
52,4.16,5.12,0.9946
53,4.24,5.20,0.9980
54,4.32,5.28,0.9991
55,4.40,5.36,0.9994
56,4.48,5.44,0.9994
57,4.56,5.52,0.9995
58,4.64,5.60,0.9992
59,4.72,5.68,0.9988
60,4.80,5.76,0.9988
61,4.88,5.84,0.9989
62,4.96,5.92,0.9987
63,5.04,6.00,0.9989
64,5.12,6.08,0.9992
65,5.20,6.16,0.9995
66,5.28,6.24,0.9996
67,5.36,6.32,0.9992
68,5.44,6.40,0.9982
69,5.52,6.48,0.9959
70,5.60,6.56,0.9869
71,5.68,6.64,0.9325
72,5.76,6.72,0.6486
73,5.84,6.80,0.2236
74,5.92,6.88,0.0730
75,6.00,6.96,0.0157
76,6.08,7.04,0.0218
77,6.16,7.12,0.0158
78,6.24,7.20,0.0211
79,6.32,7.28,0.0151
80,6.40,7.36,0.0176
81,6.48,7.44,0.0167
82,6.56,7.52,0.0211
83,6.64,7.60,0.0173
84,6.72,7.68,0.0279
85,6.80,7.76,0.0136
86,6.88,7.84,0.0185
87,6.96,7.92,0.0175
88,7.04,8.00,0.0111
89,7.12,8.08,0.0226
90,7.20,8.16,0.0383
91,7.28,8.24,0.0142
92,7.36,8.32,0.0145
93,7.44,8.40,0.0178
94,7.52,8.48,0.0191
95,7.60,8.56,0.0298
96,7.68,8.64,0.0392
97,7.76,8.72,0.0349
98,7.84,8.80,0.0798
99,7.92,8.88,0.1434
100,8.00,8.96,0.2443
101,8.08,9.04,0.4936
102,8.16,9.12,0.8905
103,8.24,9.20,0.9688
104,8.32,9.28,0.9919
105,8.40,9.36,0.9973
106,8.48,9.44,0.9989
107,8.56,9.52,0.9991
108,8.64,9.60,0.9986
109,8.72,9.68,0.9991
110,8.80,9.76,0.9990
111,8.88,9.84,0.9995
112,8.96,9.92,0.9995
113,9.04,10.00,0.9996
