0,0.00,0.96,0.0352
1,0.08,1.04,0.1111
2,0.16,1.12,0.0608
3,0.24,1.20,0.0508
4,0.32,1.28,0.0445
5,0.40,1.36,0.0268
6,0.48,1.44,0.0370
7,0.56,1.52,0.0391
8,0.64,1.60,0.0253
9,0.72,1.68,0.0332
10,0.80,1.76,0.0362
11,0.88,1.84,0.0756
12,0.96,1.92,0.0279
13,1.04,2.00,0.0181
14,1.12,2.08,0.0383
15,1.20,2.16,0.0263
16,1.28,2.24,0.0161
17,1.36,2.32,0.0147
18,1.44,2.40,0.0244
19,1.52,2.48,0.0521
20,1.60,2.56,0.1278
21,1.68,2.64,0.2116
22,1.76,2.72,0.6967
23,1.84,2.80,0.9588
24,1.92,2.88,0.9336
25,2.00,2.96,0.9167
26,2.08,3.04,0.9803
27,2.16,3.12,0.9953
28,2.24,3.20,0.9760
29,2.32,3.28,0.9895
30,2.40,3.36,0.9970
31,2.48,3.44,0.9933
32,2.56,3.52,0.9979
33,2.64,3.60,0.9969
34,2.72,3.68,0.9970
35,2.80,3.76,0.9940
36,2.88,3.84,0.9970
37,2.96,3.92,0.9980
38,3.04,4.00,0.9993
39,3.12,4.08,0.9996
40,3.20,4.16,0.9993
41,3.28,4.24,0.9999
42,3.36,4.32,0.9999
43,3.44,4.40,0.9998
44,3.52,4.48,0.9993
45,3.60,4.56,0.9965
46,3.68,4.64,0.9883
47,3.76,4.72,0.9790
48,3.84,4.80,0.9937
49,3.92,4.88,0.9955
50,4.00,4.96,0.9922
51,4.08,5.04,0.9914
52,4.16,5.12,0.9900
53,4.24,5.20,0.9947
54,4.32,5.28,0.9881
55,4.40,5.36,0.9881
56,4.48,5.44,0.9821
57,4.56,5.52,0.9156
58,4.64,5.60,0.9219
59,4.72,5.68,0.6960
60,4.80,5.76,0.2373
61,4.88,5.84,0.1955
62,4.96,5.92,0.1109
63,5.04,6.00,0.1024
64,5.12,6.08,0.0373
65,5.20,6.16,0.0713
66,5.28,6.24,0.2662
67,5.36,6.32,0.0909
68,5.44,6.40,0.1050
69,5.52,6.48,0.0545
70,5.60,6.56,0.2967
71,5.68,6.64,0.4162
72,5.76,6.72,0.3488
73,5.84,6.80,0.1229
74,5.92,6.88,0.0542
75,6.00,6.96,0.0911
76,6.08,7.04,0.0321
77,6.16,7.12,0.0138
78,6.24,7.20,0.0186
79,6.32,7.28,0.0256
80,6.40,7.36,0.0395
81,6.48,7.44,0.0311
82,6.56,7.52,0.0676
83,6.64,7.60,0.0402
84,6.72,7.68,0.0961
85,6.80,7.76,0.1961
86,6.88,7.84,0.4950
87,6.96,7.92,0.8731
88,7.04,8.00,0.9298
89,7.12,8.08,0.9572
90,7.20,8.16,0.9405
91,7.28,8.24,0.8916
92,7.36,8.32,0.9403
93,7.44,8.40,0.9597
94,7.52,8.48,0.9380
95,7.60,8.56,0.9249
96,7.68,8.64,0.9839
97,7.76,8.72,0.9927
98,7.84,8.80,0.9817
99,7.92,8.88,0.9789
100,8.00,8.96,0.9872
101,8.08,9.04,0.9820
102,8.16,9.12,0.9729
103,8.24,9.20,0.9733
104,8.32,9.28,0.9906
105,8.40,9.36,0.9962
106,8.48,9.44,0.9926
107,8.56,9.52,0.9947
108,8.64,9.60,0.9943
109,8.72,9.68,0.9875
110,8.80,9.76,0.9860
111,8.88,9.84,0.9693
112,8.96,9.92,0.9900
113,9.04,10.00,0.9970
