0,0.00,0.96,0.9619
1,0.08,1.04,0.9202
2,0.16,1.12,0.7426
3,0.24,1.20,0.3637
4,0.32,1.28,0.1709
5,0.40,1.36,0.1006
6,0.48,1.44,0.0444
7,0.56,1.52,0.1287
8,0.64,1.60,0.3641
9,0.72,1.68,0.7652
10,0.80,1.76,0.9278
11,0.88,1.84,0.9713
12,0.96,1.92,0.9933
13,1.04,2.00,0.9969
14,1.12,2.08,0.9988
15,1.20,2.16,0.9989
16,1.28,2.24,0.9984
17,1.36,2.32,0.9987
18,1.44,2.40,0.9938
19,1.52,2.48,0.9985
20,1.60,2.56,0.9985
21,1.68,2.64,0.9995
22,1.76,2.72,0.9987
23,1.84,2.80,0.9967
24,1.92,2.88,0.9972
25,2.00,2.96,0.9976
26,2.08,3.04,0.9978
27,2.16,3.12,0.9978
28,2.24,3.20,0.9960
29,2.32,3.28,0.9860
30,2.40,3.36,0.9824
31,2.48,3.44,0.9114
32,2.56,3.52,0.6056
33,2.64,3.60,0.2994
34,2.72,3.68,0.1679
35,2.80,3.76,0.2208
36,2.88,3.84,0.1733
37,2.96,3.92,0.2113
38,3.04,4.00,0.1938
39,3.12,4.08,0.1723
40,3.20,4.16,0.4341
41,3.28,4.24,0.1511
42,3.36,4.32,0.0912
43,3.44,4.40,0.0626
44,3.52,4.48,0.0971
45,3.60,4.56,0.0443
46,3.68,4.64,0.0687
47,3.76,4.72,0.0867
48,3.84,4.80,0.1192
49,3.92,4.88,0.1508
50,4.00,4.96,0.2641
51,4.08,5.04,0.1824
52,4.16,5.12,0.1822
53,4.24,5.20,0.0886
54,4.32,5.28,0.0413
55,4.40,5.36,0.1182
56,4.48,5.44,0.0580
57,4.56,5.52,0.0792
58,4.64,5.60,0.1043
59,4.72,5.68,0.2312
60,4.80,5.76,0.1337
61,4.88,5.84,0.4399
62,4.96,5.92,0.7128
63,5.04,6.00,0.8622
64,5.12,6.08,0.9523
65,5.20,6.16,0.9916
66,5.28,6.24,0.9972
67,5.36,6.32,0.9975
68,5.44,6.40,0.9945
69,5.52,6.48,0.9896
70,5.60,6.56,0.9946
71,5.68,6.64,0.9882
72,5.76,6.72,0.9896
73,5.84,6.80,0.9985
74,5.92,6.88,0.9985
75,6.00,6.96,0.9986
76,6.08,7.04,0.9936
77,6.16,7.12,0.9626
78,6.24,7.20,0.9336
79,6.32,7.28,0.7368
80,6.40,7.36,0.6013
81,6.48,7.44,0.2978
82,6.56,7.52,0.6053
83,6.64,7.60,0.2693
84,6.72,7.68,0.2032
85,6.80,7.76,0.0919
86,6.88,7.84,0.1492
87,6.96,7.92,0.1561
88,7.04,8.00,0.0717
89,7.12,8.08,0.0552
90,7.20,8.16,0.1237
91,7.28,8.24,0.2091
92,7.36,8.32,0.0710
93,7.44,8.40,0.0500
94,7.52,8.48,0.1483
95,7.60,8.56,0.1100
96,7.68,8.64,0.1057
97,7.76,8.72,0.1705
98,7.84,8.80,0.0769
99,7.92,8.88,0.0700
100,8.00,8.96,0.1424
101,8.08,9.04,0.5821
102,8.16,9.12,0.9117
103,8.24,9.20,0.9824
104,8.32,9.28,0.9927
105,8.40,9.36,0.9983
106,8.48,9.44,0.9986
107,8.56,9.52,0.9990
108,8.64,9.60,0.9993
109,8.72,9.68,0.9997
110,8.80,9.76,0.9995
111,8.88,9.84,0.9991
112,8.96,9.92,0.9995
113,9.04,10.00,0.9997
