0,0.00,0.96,0.0208
1,0.08,1.04,0.0344
2,0.16,1.12,0.0432
3,0.24,1.20,0.0661
4,0.32,1.28,0.0457
5,0.40,1.36,0.1019
6,0.48,1.44,0.1186
7,0.56,1.52,0.0985
8,0.64,1.60,0.1208
9,0.72,1.68,0.0894
10,0.80,1.76,0.0452
11,0.88,1.84,0.1008
12,0.96,1.92,0.4605
13,1.04,2.00,0.8090
14,1.12,2.08,0.9434
15,1.20,2.16,0.9708
16,1.28,2.24,0.9623
17,1.36,2.32,0.9928
18,1.44,2.40,0.9936
19,1.52,2.48,0.9927
20,1.60,2.56,0.9904
21,1.68,2.64,0.9964
22,1.76,2.72,0.9979
23,1.84,2.80,0.9958
24,1.92,2.88,0.9980
25,2.00,2.96,0.9976
26,2.08,3.04,0.9962
27,2.16,3.12,0.9955
28,2.24,3.20,0.9930
29,2.32,3.28,0.9862
30,2.40,3.36,0.9930
31,2.48,3.44,0.9903
32,2.56,3.52,0.9887
33,2.64,3.60,0.9743
34,2.72,3.68,0.9325
35,2.80,3.76,0.4489
36,2.88,3.84,0.1209
37,2.96,3.92,0.0709
38,3.04,4.00,0.0166
39,3.12,4.08,0.0170
40,3.20,4.16,0.0072
41,3.28,4.24,0.0097
42,3.36,4.32,0.0332
43,3.44,4.40,0.0564
44,3.52,4.48,0.0202
45,3.60,4.56,0.0527
46,3.68,4.64,0.2139
47,3.76,4.72,0.6988
48,3.84,4.80,0.8101
49,3.92,4.88,0.7598
50,4.00,4.96,0.9131
51,4.08,5.04,0.9863
52,4.16,5.12,0.9922
53,4.24,5.20,0.9978
54,4.32,5.28,0.9972
55,4.40,5.36,0.9983
56,4.48,5.44,0.9919
57,4.56,5.52,0.9880
58,4.64,5.60,0.9905
59,4.72,5.68,0.9903
60,4.80,5.76,0.9823
61,4.88,5.84,0.9825
62,4.96,5.92,0.9896
63,5.04,6.00,0.9912
64,5.12,6.08,0.9929
65,5.20,6.16,0.9961
66,5.28,6.24,0.9951
67,5.36,6.32,0.9976
68,5.44,6.40,0.9915
69,5.52,6.48,0.9938
70,5.60,6.56,0.9868
71,5.68,6.64,0.9115
72,5.76,6.72,0.6167
73,5.84,6.80,0.3037
74,5.92,6.88,0.1709
75,6.00,6.96,0.1555
76,6.08,7.04,0.0441
77,6.16,7.12,0.0514
78,6.24,7.20,0.0130
79,6.32,7.28,0.0140
80,6.40,7.36,0.0398
81,6.48,7.44,0.0161
82,6.56,7.52,0.0069
83,6.64,7.60,0.0108
84,6.72,7.68,0.0313
85,6.80,7.76,0.0382
86,6.88,7.84,0.0116
87,6.96,7.92,0.0050
88,7.04,8.00,0.0078
89,7.12,8.08,0.0050
90,7.20,8.16,0.0079
91,7.28,8.24,0.0118
92,7.36,8.32,0.0107
93,7.44,8.40,0.0400
94,7.52,8.48,0.0543
95,7.60,8.56,0.0984
96,7.68,8.64,0.1386
97,7.76,8.72,0.1241
98,7.84,8.80,0.1564
99,7.92,8.88,0.2622
100,8.00,8.96,0.6469
101,8.08,9.04,0.8200
102,8.16,9.12,0.9819
103,8.24,9.20,0.9892
104,8.32,9.28,0.9957
105,8.40,9.36,0.9967
106,8.48,9.44,0.9962
107,8.56,9.52,0.9990
108,8.64,9.60,0.9984
109,8.72,9.68,0.9977
110,8.80,9.76,0.9962
111,8.88,9.84,0.9964
112,8.96,9.92,0.9961
113,9.04,10.00,0.9914
