0,0.00,0.96,0.9985
1,0.08,1.04,0.9976
2,0.16,1.12,0.9957
3,0.24,1.20,0.9957
4,0.32,1.28,0.9869
5,0.40,1.36,0.9975
6,0.48,1.44,0.9976
7,0.56,1.52,0.9985
8,0.64,1.60,0.9976
9,0.72,1.68,0.9935
10,0.80,1.76,0.9976
11,0.88,1.84,0.9950
12,0.96,1.92,0.9963
13,1.04,2.00,0.9972
14,1.12,2.08,0.9972
15,1.20,2.16,0.9954
16,1.28,2.24,0.9953
17,1.36,2.32,0.9921
18,1.44,2.40,0.9960
19,1.52,2.48,0.9973
20,1.60,2.56,0.9971
21,1.68,2.64,0.9955
22,1.76,2.72,0.9984
23,1.84,2.80,0.9912
24,1.92,2.88,0.9381
25,2.00,2.96,0.8300
26,2.08,3.04,0.6070
27,2.16,3.12,0.6290
28,2.24,3.20,0.6873
29,2.32,3.28,0.7742
30,2.40,3.36,0.9229
31,2.48,3.44,0.9804
32,2.56,3.52,0.9980
33,2.64,3.60,0.9989
34,2.72,3.68,0.9985
35,2.80,3.76,0.9985
36,2.88,3.84,0.9880
37,2.96,3.92,0.9801
38,3.04,4.00,0.9750
39,3.12,4.08,0.9349
40,3.20,4.16,0.7795
41,3.28,4.24,0.5264
42,3.36,4.32,0.3541
43,3.44,4.40,0.2972
44,3.52,4.48,0.1888
45,3.60,4.56,0.1007
46,3.68,4.64,0.0204
47,3.76,4.72,0.0394
48,3.84,4.80,0.0505
49,3.92,4.88,0.0498
50,4.00,4.96,0.0301
51,4.08,5.04,0.0531
52,4.16,5.12,0.0408
53,4.24,5.20,0.0377
54,4.32,5.28,0.0349
55,4.40,5.36,0.0443
56,4.48,5.44,0.0228
57,4.56,5.52,0.0483
58,4.64,5.60,0.0625
59,4.72,5.68,0.1246
60,4.80,5.76,0.5306
61,4.88,5.84,0.7369
62,4.96,5.92,0.9581
63,5.04,6.00,0.9875
64,5.12,6.08,0.9847
65,5.20,6.16,0.9964
66,5.28,6.24,0.9974
67,5.36,6.32,0.9979
68,5.44,6.40,0.9987
69,5.52,6.48,0.9994
70,5.60,6.56,0.9992
71,5.68,6.64,0.9991
72,5.76,6.72,0.9984
73,5.84,6.80,0.9933
74,5.92,6.88,0.9329
75,6.00,6.96,0.8146
76,6.08,7.04,0.7509
77,6.16,7.12,0.5884
78,6.24,7.20,0.2618
79,6.32,7.28,0.3703
80,6.40,7.36,0.3308
81,6.48,7.44,0.1456
82,6.56,7.52,0.3254
83,6.64,7.60,0.2340
84,6.72,7.68,0.4940
85,6.80,7.76,0.5898
86,6.88,7.84,0.4173
87,6.96,7.92,0.3450
88,7.04,8.00,0.5428
89,7.12,8.08,0.4657
90,7.20,8.16,0.2939
91,7.28,8.24,0.5451
92,7.36,8.32,0.3543
93,7.44,8.40,0.3067
94,7.52,8.48,0.1628
95,7.60,8.56,0.0882
96,7.68,8.64,0.1764
97,7.76,8.72,0.4533
98,7.84,8.80,0.8184
99,7.92,8.88,0.8874
100,8.00,8.96,0.9795
101,8.08,9.04,0.9867
102,8.16,9.12,0.9952
103,8.24,9.20,0.9978
104,8.32,9.28,0.9971
105,8.40,9.36,0.9946
106,8.48,9.44,0.9981
107,8.56,9.52,0.9987
108,8.64,9.60,0.9986
109,8.72,9.68,0.9993
110,8.80,9.76,0.9991
111,8.88,9.84,0.9983
112,8.96,9.92,0.9965
113,9.04,10.00,0.9963
