0,0.00,0.96,0.9989
1,0.08,1.04,0.9989
2,0.16,1.12,0.9979
3,0.24,1.20,0.9990
4,0.32,1.28,0.9988
5,0.40,1.36,0.9986
6,0.48,1.44,0.9992
7,0.56,1.52,0.9994
8,0.64,1.60,0.9994
9,0.72,1.68,0.9995
10,0.80,1.76,0.9991
11,0.88,1.84,0.9991
12,0.96,1.92,0.9994
13,1.04,2.00,0.9992
14,1.12,2.08,0.9988
15,1.20,2.16,0.9989
16,1.28,2.24,0.9989
17,1.36,2.32,0.9992
18,1.44,2.40,0.9986
19,1.52,2.48,0.9969
20,1.60,2.56,0.9982
21,1.68,2.64,0.9977
22,1.76,2.72,0.9976
23,1.84,2.80,0.9957
24,1.92,2.88,0.9978
25,2.00,2.96,0.9983
26,2.08,3.04,0.9986
27,2.16,3.12,0.9989
28,2.24,3.20,0.9977
29,2.32,3.28,0.9973
30,2.40,3.36,0.9974
31,2.48,3.44,0.9973
32,2.56,3.52,0.9975
33,2.64,3.60,0.9976
34,2.72,3.68,0.9973
35,2.80,3.76,0.9874
36,2.88,3.84,0.9514
37,2.96,3.92,0.8215
38,3.04,4.00,0.3492
39,3.12,4.08,0.0928
40,3.20,4.16,0.0343
41,3.28,4.24,0.0158
42,3.36,4.32,0.0139
43,3.44,4.40,0.0129
44,3.52,4.48,0.0113
45,3.60,4.56,0.0075
46,3.68,4.64,0.0089
47,3.76,4.72,0.0097
48,3.84,4.80,0.0071
49,3.92,4.88,0.0095
50,4.00,4.96,0.0152
51,4.08,5.04,0.0114
52,4.16,5.12,0.0089
53,4.24,5.20,0.0072
54,4.32,5.28,0.0044
55,4.40,5.36,0.0106
56,4.48,5.44,0.0092
57,4.56,5.52,0.0071
58,4.64,5.60,0.0056
59,4.72,5.68,0.0076
60,4.80,5.76,0.0141
61,4.88,5.84,0.0845
62,4.96,5.92,0.2350
63,5.04,6.00,0.5591
64,5.12,6.08,0.9218
65,5.20,6.16,0.9845
66,5.28,6.24,0.9954
67,5.36,6.32,0.9983
68,5.44,6.40,0.9989
69,5.52,6.48,0.9988
70,5.60,6.56,0.9974
71,5.68,6.64,0.9910
72,5.76,6.72,0.9682
73,5.84,6.80,0.8334
74,5.92,6.88,0.5246
75,6.00,6.96,0.1025
76,6.08,7.04,0.0262
77,6.16,7.12,0.0103
78,6.24,7.20,0.0065
79,6.32,7.28,0.0069
80,6.40,7.36,0.0066
81,6.48,7.44,0.0058
82,6.56,7.52,0.0102
83,6.64,7.60,0.0093
84,6.72,7.68,0.0158
85,6.80,7.76,0.0132
86,6.88,7.84,0.0128
87,6.96,7.92,0.0119
88,7.04,8.00,0.0127
89,7.12,8.08,0.0109
90,7.20,8.16,0.0136
91,7.28,8.24,0.0391
92,7.36,8.32,0.1271
93,7.44,8.40,0.4372
94,7.52,8.48,0.7021
95,7.60,8.56,0.9045
96,7.68,8.64,0.9832
97,7.76,8.72,0.9967
98,7.84,8.80,0.9983
99,7.92,8.88,0.9986
100,8.00,8.96,0.9993
101,8.08,9.04,0.9994
102,8.16,9.12,0.9995
103,8.24,9.20,0.9994
104,8.32,9.28,0.9992
105,8.40,9.36,0.9994
106,8.48,9.44,0.9993
107,8.56,9.52,0.9990
108,8.64,9.60,0.9987
109,8.72,9.68,0.9985
110,8.80,9.76,0.9990
111,8.88,9.84,0.9983
112,8.96,9.92,0.9988
113,9.04,10.00,0.9985
