0,0.00,0.96,0.6707
1,0.08,1.04,0.5768
2,0.16,1.12,0.1962
3,0.24,1.20,0.4667
4,0.32,1.28,0.8795
5,0.40,1.36,0.7148
6,0.48,1.44,0.5476
7,0.56,1.52,0.5064
8,0.64,1.60,0.1450
9,0.72,1.68,0.0633
10,0.80,1.76,0.4074
11,0.88,1.84,0.2926
12,0.96,1.92,0.1092
13,1.04,2.00,0.0825
14,1.12,2.08,0.3825
15,1.20,2.16,0.0867
16,1.28,2.24,0.3185
17,1.36,2.32,0.9710
18,1.44,2.40,0.9986
19,1.52,2.48,0.9992
20,1.60,2.56,0.9998
21,1.68,2.64,0.9999
22,1.76,2.72,0.9994
23,1.84,2.80,0.9991
24,1.92,2.88,0.9993
25,2.00,2.96,0.9732
26,2.08,3.04,0.9391
27,2.16,3.12,0.8553
28,2.24,3.20,0.6867
29,2.32,3.28,0.5071
30,2.40,3.36,0.4563
31,2.48,3.44,0.4564
32,2.56,3.52,0.6945
33,2.64,3.60,0.6952
34,2.72,3.68,0.5045
35,2.80,3.76,0.1908
36,2.88,3.84,0.1033
37,2.96,3.92,0.1385
38,3.04,4.00,0.0597
39,3.12,4.08,0.1888
40,3.20,4.16,0.2581
41,3.28,4.24,0.5367
42,3.36,4.32,0.2510
43,3.44,4.40,0.0892
44,3.52,4.48,0.2940
45,3.60,4.56,0.2765
46,3.68,4.64,0.1914
47,3.76,4.72,0.3294
48,3.84,4.80,0.4599
49,3.92,4.88,0.1210
50,4.00,4.96,0.5136
51,4.08,5.04,0.4466
52,4.16,5.12,0.9263
53,4.24,5.20,0.7853
54,4.32,5.28,0.9294
55,4.40,5.36,0.9562
56,4.48,5.44,0.7782
57,4.56,5.52,0.9495
58,4.64,5.60,0.7185
59,4.72,5.68,0.7750
60,4.80,5.76,0.9594
61,4.88,5.84,0.9361
62,4.96,5.92,0.8628
63,5.04,6.00,0.9633
64,5.12,6.08,0.9575
65,5.20,6.16,0.9427
66,5.28,6.24,0.9903
67,5.36,6.32,0.9554
68,5.44,6.40,0.9366
69,5.52,6.48,0.9824
70,5.60,6.56,0.9181
71,5.68,6.64,0.9912
72,5.76,6.72,0.9807
73,5.84,6.80,0.9886
74,5.92,6.88,0.9913
75,6.00,6.96,0.9730
76,6.08,7.04,0.9025
77,6.16,7.12,0.8445
78,6.24,7.20,0.9007
79,6.32,7.28,0.6156
80,6.40,7.36,0.2156
81,6.48,7.44,0.6130
82,6.56,7.52,0.2632
83,6.64,7.60,0.2887
84,6.72,7.68,0.2095
85,6.80,7.76,0.2151
86,6.88,7.84,0.7512
87,6.96,7.92,0.8259
88,7.04,8.00,0.8689
89,7.12,8.08,0.9181
90,7.20,8.16,0.9281
91,7.28,8.24,0.9144
92,7.36,8.32,0.9074
93,7.44,8.40,0.9914
94,7.52,8.48,0.9959
95,7.60,8.56,0.9916
96,7.68,8.64,0.9971
97,7.76,8.72,0.9713
98,7.84,8.80,0.9952
99,7.92,8.88,0.9987
100,8.00,8.96,0.9999
101,8.08,9.04,0.9999
102,8.16,9.12,0.9998
103,8.24,9.20,0.9999
104,8.32,9.28,0.9995
105,8.40,9.36,0.9981
106,8.48,9.44,0.9961
107,8.56,9.52,0.9984
108,8.64,9.60,0.9828
109,8.72,9.68,0.8411
110,8.80,9.76,0.7241
111,8.88,9.84,0.6964
112,8.96,9.92,0.2549
113,9.04,10.00,0.3048
