0,0.00,0.96,0.1565
1,0.08,1.04,0.0828
2,0.16,1.12,0.5330
3,0.24,1.20,0.8195
4,0.32,1.28,0.9020
5,0.40,1.36,0.9593
6,0.48,1.44,0.9624
7,0.56,1.52,0.9942
8,0.64,1.60,0.9994
9,0.72,1.68,0.9997
10,0.80,1.76,0.9988
11,0.88,1.84,0.9981
12,0.96,1.92,0.9986
13,1.04,2.00,0.9992
14,1.12,2.08,0.9983
15,1.20,2.16,0.9938
16,1.28,2.24,0.9990
17,1.36,2.32,0.9924
18,1.44,2.40,0.9671
19,1.52,2.48,0.8412
20,1.60,2.56,0.6931
21,1.68,2.64,0.9566
22,1.76,2.72,0.9930
23,1.84,2.80,0.9902
24,1.92,2.88,0.9935
25,2.00,2.96,0.9887
26,2.08,3.04,0.8952
27,2.16,3.12,0.9897
28,2.24,3.20,0.9937
29,2.32,3.28,0.9793
30,2.40,3.36,0.7593
31,2.48,3.44,0.4602
32,2.56,3.52,0.1491
33,2.64,3.60,0.1415
34,2.72,3.68,0.1902
35,2.80,3.76,0.1192
36,2.88,3.84,0.0190
37,2.96,3.92,0.3425
38,3.04,4.00,0.3592
39,3.12,4.08,0.4441
40,3.20,4.16,0.2444
41,3.28,4.24,0.0326
42,3.36,4.32,0.0399
43,3.44,4.40,0.0390
44,3.52,4.48,0.1690
45,3.60,4.56,0.5674
46,3.68,4.64,0.8692
47,3.76,4.72,0.9775
48,3.84,4.80,0.9986
49,3.92,4.88,0.9990
50,4.00,4.96,0.9997
51,4.08,5.04,0.9997
52,4.16,5.12,0.9924
53,4.24,5.20,0.9886
54,4.32,5.28,0.9589
55,4.40,5.36,0.9731
56,4.48,5.44,0.9281
57,4.56,5.52,0.9739
58,4.64,5.60,0.9932
59,4.72,5.68,0.9983
60,4.80,5.76,0.9997
61,4.88,5.84,0.9927
62,4.96,5.92,0.9557
63,5.04,6.00,0.9992
64,5.12,6.08,0.9996
65,5.20,6.16,0.9994
66,5.28,6.24,0.9987
67,5.36,6.32,0.9976
68,5.44,6.40,0.9506
69,5.52,6.48,0.8887
70,5.60,6.56,0.9059
71,5.68,6.64,0.8271
72,5.76,6.72,0.7493
73,5.84,6.80,0.9921
74,5.92,6.88,0.9797
75,6.00,6.96,0.9755
76,6.08,7.04,0.9661
77,6.16,7.12,0.9683
78,6.24,7.20,0.8694
79,6.32,7.28,0.9470
80,6.40,7.36,0.9228
81,6.48,7.44,0.4348
82,6.56,7.52,0.2836
83,6.64,7.60,0.1721
84,6.72,7.68,0.1079
85,6.80,7.76,0.1907
86,6.88,7.84,0.3640
87,6.96,7.92,0.5522
88,7.04,8.00,0.6964
89,7.12,8.08,0.7785
90,7.20,8.16,0.2376
91,7.28,8.24,0.7418
92,7.36,8.32,0.9280
93,7.44,8.40,0.8571
94,7.52,8.48,0.9448
95,7.60,8.56,0.9835
96,7.68,8.64,0.9967
97,7.76,8.72,0.9977
98,7.84,8.80,0.9977
99,7.92,8.88,0.9990
100,8.00,8.96,0.9971
101,8.08,9.04,0.9975
102,8.16,9.12,0.9910
103,8.24,9.20,0.9976
104,8.32,9.28,0.9676
105,8.40,9.36,0.9898
106,8.48,9.44,0.9884
107,8.56,9.52,0.9964
108,8.64,9.60,0.9851
109,8.72,9.68,0.9857
110,8.80,9.76,0.9855
111,8.88,9.84,0.9911
112,8.96,9.92,0.9541
113,9.04,10.00,0.9787
