0,0.00,0.96,0.0681
1,0.08,1.04,0.0749
2,0.16,1.12,0.0889
3,0.24,1.20,0.1100
4,0.32,1.28,0.0575
5,0.40,1.36,0.0892
6,0.48,1.44,0.0335
7,0.56,1.52,0.0258
8,0.64,1.60,0.0230
9,0.72,1.68,0.0113
10,0.80,1.76,0.0118
11,0.88,1.84,0.0168
12,0.96,1.92,0.0062
13,1.04,2.00,0.0068
14,1.12,2.08,0.0031
15,1.20,2.16,0.0183
16,1.28,2.24,0.0237
17,1.36,2.32,0.0277
18,1.44,2.40,0.0365
19,1.52,2.48,0.0731
20,1.60,2.56,0.2155
21,1.68,2.64,0.1965
22,1.76,2.72,0.6933
23,1.84,2.80,0.9498
24,1.92,2.88,0.9824
25,2.00,2.96,0.9925
26,2.08,3.04,0.9725
27,2.16,3.12,0.9701
28,2.24,3.20,0.9871
29,2.32,3.28,0.9953
30,2.40,3.36,0.9971
31,2.48,3.44,0.9968
32,2.56,3.52,0.9990
33,2.64,3.60,0.9993
34,2.72,3.68,0.9988
35,2.80,3.76,0.9996
36,2.88,3.84,0.9988
37,2.96,3.92,0.9960
38,3.04,4.00,0.9948
39,3.12,4.08,0.9921
40,3.20,4.16,0.9914
41,3.28,4.24,0.9956
42,3.36,4.32,0.9956
43,3.44,4.40,0.9957
44,3.52,4.48,0.9959
45,3.60,4.56,0.9826
46,3.68,4.64,0.9668
47,3.76,4.72,0.9724
48,3.84,4.80,0.9684
49,3.92,4.88,0.9759
50,4.00,4.96,0.9930
51,4.08,5.04,0.9935
52,4.16,5.12,0.9865
53,4.24,5.20,0.9810
54,4.32,5.28,0.9932
55,4.40,5.36,0.9950
56,4.48,5.44,0.9883
57,4.56,5.52,0.8682
58,4.64,5.60,0.6571
59,4.72,5.68,0.3757
60,4.80,5.76,0.1550
61,4.88,5.84,0.0547
62,4.96,5.92,0.0388
63,5.04,6.00,0.0438
64,5.12,6.08,0.0623
65,5.20,6.16,0.4236
66,5.28,6.24,0.8490
67,5.36,6.32,0.9467
68,5.44,6.40,0.9864
69,5.52,6.48,0.9952
70,5.60,6.56,0.9993
71,5.68,6.64,0.9995
72,5.76,6.72,0.9996
73,5.84,6.80,0.9993
74,5.92,6.88,0.9988
75,6.00,6.96,0.9994
76,6.08,7.04,0.9994
77,6.16,7.12,0.9985
78,6.24,7.20,0.9986
79,6.32,7.28,0.9990
80,6.40,7.36,0.9951
81,6.48,7.44,0.9916
82,6.56,7.52,0.9935
83,6.64,7.60,0.9709
84,6.72,7.68,0.8749
85,6.80,7.76,0.7580
86,6.88,7.84,0.6232
87,6.96,7.92,0.4145
88,7.04,8.00,0.3644
89,7.12,8.08,0.1556
90,7.20,8.16,0.0600
91,7.28,8.24,0.0183
92,7.36,8.32,0.0149
93,7.44,8.40,0.0273
94,7.52,8.48,0.0454
95,7.60,8.56,0.0504
96,7.68,8.64,0.0649
97,7.76,8.72,0.1202
98,7.84,8.80,0.0987
99,7.92,8.88,0.1727
100,8.00,8.96,0.0845
101,8.08,9.04,0.0679
102,8.16,9.12,0.0444
103,8.24,9.20,0.0680
104,8.32,9.28,0.0321
105,8.40,9.36,0.0286
106,8.48,9.44,0.0127
107,8.56,9.52,0.0455
108,8.64,9.60,0.2523
109,8.72,9.68,0.6818
110,8.80,9.76,0.9296
111,8.88,9.84,0.9865
112,8.96,9.92,0.9964
113,9.04,10.00,0.9986
