0,0.00,0.96,0.0506
1,0.08,1.04,0.1258
2,0.16,1.12,0.1159
3,0.24,1.20,0.0790
4,0.32,1.28,0.0376
5,0.40,1.36,0.0275
6,0.48,1.44,0.0223
7,0.56,1.52,0.0168
8,0.64,1.60,0.0109
9,0.72,1.68,0.0176
10,0.80,1.76,0.0564
11,0.88,1.84,0.0883
12,0.96,1.92,0.0605
13,1.04,2.00,0.0976
14,1.12,2.08,0.0970
15,1.20,2.16,0.0772
16,1.28,2.24,0.0627
17,1.36,2.32,0.0580
18,1.44,2.40,0.1213
19,1.52,2.48,0.2326
20,1.60,2.56,0.3538
21,1.68,2.64,0.5749
22,1.76,2.72,0.8850
23,1.84,2.80,0.9749
24,1.92,2.88,0.9885
25,2.00,2.96,0.9880
26,2.08,3.04,0.9965
27,2.16,3.12,0.9980
28,2.24,3.20,0.9874
29,2.32,3.28,0.9894
30,2.40,3.36,0.9605
31,2.48,3.44,0.8691
32,2.56,3.52,0.7509
33,2.64,3.60,0.6510
34,2.72,3.68,0.4595
35,2.80,3.76,0.2459
36,2.88,3.84,0.0633
37,2.96,3.92,0.0150
38,3.04,4.00,0.0304
39,3.12,4.08,0.0696
40,3.20,4.16,0.0370
41,3.28,4.24,0.0308
42,3.36,4.32,0.0222
43,3.44,4.40,0.0168
44,3.52,4.48,0.0375
45,3.60,4.56,0.0421
46,3.68,4.64,0.0383
47,3.76,4.72,0.2305
48,3.84,4.80,0.1476
49,3.92,4.88,0.3931
50,4.00,4.96,0.5257
51,4.08,5.04,0.8151
52,4.16,5.12,0.9527
53,4.24,5.20,0.9909
54,4.32,5.28,0.9946
55,4.40,5.36,0.9954
56,4.48,5.44,0.9952
57,4.56,5.52,0.9911
58,4.64,5.60,0.9949
59,4.72,5.68,0.9957
60,4.80,5.76,0.9958
61,4.88,5.84,0.9925
62,4.96,5.92,0.9819
63,5.04,6.00,0.9788
64,5.12,6.08,0.9664
65,5.20,6.16,0.9568
66,5.28,6.24,0.9021
67,5.36,6.32,0.9031
68,5.44,6.40,0.7795
69,5.52,6.48,0.6795
70,5.60,6.56,0.7829
71,5.68,6.64,0.8131
72,5.76,6.72,0.6959
73,5.84,6.80,0.4265
74,5.92,6.88,0.3040
75,6.00,6.96,0.1509
76,6.08,7.04,0.2563
77,6.16,7.12,0.2255
78,6.24,7.20,0.0862
79,6.32,7.28,0.0328
80,6.40,7.36,0.0201
81,6.48,7.44,0.0191
82,6.56,7.52,0.0297
83,6.64,7.60,0.1203
84,6.72,7.68,0.1530
85,6.80,7.76,0.7270
86,6.88,7.84,0.8086
87,6.96,7.92,0.8531
88,7.04,8.00,0.9834
89,7.12,8.08,0.9966
90,7.20,8.16,0.9973
91,7.28,8.24,0.9982
92,7.36,8.32,0.9986
93,7.44,8.40,0.9984
94,7.52,8.48,0.9957
95,7.60,8.56,0.9803
96,7.68,8.64,0.9760
97,7.76,8.72,0.9947
98,7.84,8.80,0.9984
99,7.92,8.88,0.9978
100,8.00,8.96,0.9955
101,8.08,9.04,0.9964
102,8.16,9.12,0.9972
103,8.24,9.20,0.9980
104,8.32,9.28,0.9887
105,8.40,9.36,0.9988
106,8.48,9.44,0.9992
107,8.56,9.52,0.9988
108,8.64,9.60,0.9972
109,8.72,9.68,0.9976
110,8.80,9.76,0.9960
111,8.88,9.84,0.9892
112,8.96,9.92,0.9749
113,9.04,10.00,0.9176
