0,0.50,1.46,0.9995
1,0.58,1.54,0.9996
2,0.66,1.62,0.9997
3,0.74,1.70,0.9996
4,0.82,1.78,0.9998
5,0.90,1.86,0.9997
6,0.98,1.94,0.9993
7,1.06,2.02,0.9986
8,1.14,2.10,0.9976
9,1.22,2.18,0.9976
10,1.30,2.26,0.9978
11,1.38,2.34,0.9984
12,1.46,2.42,0.9978
13,1.54,2.50,0.9966
14,1.62,2.58,0.9875
15,1.70,2.66,0.9356
16,1.78,2.74,0.6439
17,1.86,2.82,0.3421
18,1.94,2.90,0.0571
19,2.02,2.98,0.0237
20,2.10,3.06,0.0125
21,2.18,3.14,0.0137
22,2.26,3.22,0.0129
23,2.34,3.30,0.0126
24,2.42,3.38,0.0112
25,2.50,3.46,0.0186
26,2.58,3.54,0.0168
27,2.66,3.62,0.0314
28,2.74,3.70,0.0283
29,2.82,3.78,0.0254
30,2.90,3.86,0.0291
31,2.98,3.94,0.0669
32,3.06,4.02,0.1507
33,3.14,4.10,0.4769
34,3.22,4.18,0.8461
35,3.30,4.26,0.9733
36,3.38,4.34,0.9946
37,3.46,4.42,0.9984
38,3.54,4.50,0.9991
39,3.62,4.58,0.9996
40,3.70,4.66,0.9996
41,3.78,4.74,0.9998
42,3.86,4.82,0.9997
43,3.94,4.90,0.9998
44,4.02,4.98,0.9996
45,4.10,5.06,0.9997
46,4.18,5.14,0.9995
47,4.26,5.22,0.9995
48,4.34,5.30,0.9994
49,4.42,5.38,0.9994
50,4.50,5.46,0.9993
51,4.58,5.54,0.9990
52,4.66,5.62,0.9989
53,4.74,5.70,0.9994
54,4.82,5.78,0.9992
55,4.90,5.86,0.9967
56,4.98,5.94,0.9924
57,5.06,6.02,0.9441
58,5.14,6.10,0.7773
59,5.22,6.18,0.3964
60,5.30,6.26,0.1376
61,5.38,6.34,0.0830
62,5.46,6.42,0.0269
63,5.54,6.50,0.0232
64,5.62,6.58,0.0307
65,5.70,6.66,0.0200
66,5.78,6.74,0.0137
67,5.86,6.82,0.0119
68,5.94,6.90,0.0132
69,6.02,6.98,0.0077
70,6.10,7.06,0.0101
71,6.18,7.14,0.0062
72,6.26,7.22,0.0112
73,6.34,7.30,0.0135
74,6.42,7.38,0.0259
75,6.50,7.46,0.0279
76,6.58,7.54,0.0209
77,6.66,7.62,0.0139
78,6.74,7.70,0.0145
79,6.82,7.78,0.0141
80,6.90,7.86,0.0233
81,6.98,7.94,0.0197
82,7.06,8.02,0.0704
83,7.14,8.10,0.2210
84,7.22,8.18,0.4627
85,7.30,8.26,0.8828
86,7.38,8.34,0.9615
87,7.46,8.42,0.9914
88,7.54,8.50,0.9957
89,7.62,8.58,0.9991
90,7.70,8.66,0.9988
91,7.78,8.74,0.9983
92,7.86,8.82,0.9981
93,7.94,8.90,0.9990
94,8.02,8.98,0.9993
95,8.10,9.06,0.9993
96,8.18,9.14,0.9995
97,8.26,9.22,0.9994
98,8.34,9.30,0.9994
99,8.42,9.38,0.9996
100,8.50,9.46,0.9995
101,8.58,9.54,0.9993
102,8.66,9.62,0.9994
103,8.74,9.70,0.9995
104,8.82,9.78,0.9994
105,8.90,9.86,0.9996
106,8.98,9.94,0.9994
107,9.06,10.02,0.9994
108,9.14,10.10,0.9994
109,9.22,10.18,0.9994
110,9.30,10.26,0.9996
111,9.38,10.34,0.9996
112,9.46,10.42,0.9995
113,9.54,10.50,0.9995
