0,0.00,0.96,0.0081
1,0.08,1.04,0.0037
2,0.16,1.12,0.0076
3,0.24,1.20,0.0152
4,0.32,1.28,0.0270
5,0.40,1.36,0.0335
6,0.48,1.44,0.0510
7,0.56,1.52,0.0187
8,0.64,1.60,0.0182
9,0.72,1.68,0.0088
10,0.80,1.76,0.0087
11,0.88,1.84,0.0259
12,0.96,1.92,0.0575
13,1.04,2.00,0.1242
14,1.12,2.08,0.2317
15,1.20,2.16,0.3838
16,1.28,2.24,0.7749
17,1.36,2.32,0.9686
18,1.44,2.40,0.9927
19,1.52,2.48,0.9929
20,1.60,2.56,0.9966
21,1.68,2.64,0.9927
22,1.76,2.72,0.9964
23,1.84,2.80,0.9953
24,1.92,2.88,0.9921
25,2.00,2.96,0.9961
26,2.08,3.04,0.9974
27,2.16,3.12,0.9978
28,2.24,3.20,0.9993
29,2.32,3.28,0.9993
30,2.40,3.36,0.9981
31,2.48,3.44,0.9962
32,2.56,3.52,0.9821
33,2.64,3.60,0.9558
34,2.72,3.68,0.7985
35,2.80,3.76,0.4637
36,2.88,3.84,0.0854
37,2.96,3.92,0.0400
38,3.04,4.00,0.0253
39,3.12,4.08,0.0128
40,3.20,4.16,0.0126
41,3.28,4.24,0.0177
42,3.36,4.32,0.0184
43,3.44,4.40,0.0089
44,3.52,4.48,0.0092
45,3.60,4.56,0.0085
46,3.68,4.64,0.0116
47,3.76,4.72,0.0151
48,3.84,4.80,0.0162
49,3.92,4.88,0.0199
50,4.00,4.96,0.0361
51,4.08,5.04,0.1034
52,4.16,5.12,0.1757
53,4.24,5.20,0.4006
54,4.32,5.28,0.5802
55,4.40,5.36,0.7384
56,4.48,5.44,0.8127
57,4.56,5.52,0.8668
58,4.64,5.60,0.6698
59,4.72,5.68,0.6873
60,4.80,5.76,0.7894
61,4.88,5.84,0.8945
62,4.96,5.92,0.8789
63,5.04,6.00,0.9540
64,5.12,6.08,0.9800
65,5.20,6.16,0.9969
66,5.28,6.24,0.9963
67,5.36,6.32,0.9968
68,5.44,6.40,0.9941
69,5.52,6.48,0.9961
70,5.60,6.56,0.9990
71,5.68,6.64,0.9988
72,5.76,6.72,0.9987
73,5.84,6.80,0.9989
74,5.92,6.88,0.9987
75,6.00,6.96,0.9987
76,6.08,7.04,0.9984
77,6.16,7.12,0.9938
78,6.24,7.20,0.9795
79,6.32,7.28,0.9428
80,6.40,7.36,0.8321
81,6.48,7.44,0.6388
82,6.56,7.52,0.3009
83,6.64,7.60,0.1365
84,6.72,7.68,0.0993
85,6.80,7.76,0.0475
86,6.88,7.84,0.0287
87,6.96,7.92,0.0254
88,7.04,8.00,0.0124
89,7.12,8.08,0.0173
90,7.20,8.16,0.0316
91,7.28,8.24,0.0201
92,7.36,8.32,0.0257
93,7.44,8.40,0.0178
94,7.52,8.48,0.0107
95,7.60,8.56,0.0370
96,7.68,8.64,0.0195
97,7.76,8.72,0.0100
98,7.84,8.80,0.0131
99,7.92,8.88,0.0168
100,8.00,8.96,0.0252
101,8.08,9.04,0.0696
102,8.16,9.12,0.0370
103,8.24,9.20,0.0245
104,8.32,9.28,0.0615
105,8.40,9.36,0.1167
106,8.48,9.44,0.2560
107,8.56,9.52,0.3781
108,8.64,9.60,0.8086
109,8.72,9.68,0.9626
110,8.80,9.76,0.9901
111,8.88,9.84,0.9950
112,8.96,9.92,0.9978
113,9.04,10.00,0.9994
