0,0.00,0.96,0.9842
1,0.08,1.04,0.9818
2,0.16,1.12,0.9360
3,0.24,1.20,0.8956
4,0.32,1.28,0.9542
5,0.40,1.36,0.9817
6,0.48,1.44,0.9891
7,0.56,1.52,0.9960
8,0.64,1.60,0.9967
9,0.72,1.68,0.9929
10,0.80,1.76,0.9956
11,0.88,1.84,0.9958
12,0.96,1.92,0.9926
13,1.04,2.00,0.9950
14,1.12,2.08,0.9950
15,1.20,2.16,0.9913
16,1.28,2.24,0.9904
17,1.36,2.32,0.9971
18,1.44,2.40,0.9988
19,1.52,2.48,0.9986
20,1.60,2.56,0.9981
21,1.68,2.64,0.9923
22,1.76,2.72,0.9980
23,1.84,2.80,0.9985
24,1.92,2.88,0.9979
25,2.00,2.96,0.9532
26,2.08,3.04,0.8725
27,2.16,3.12,0.6371
28,2.24,3.20,0.4783
29,2.32,3.28,0.1725
30,2.40,3.36,0.0770
31,2.48,3.44,0.0880
32,2.56,3.52,0.0438
33,2.64,3.60,0.0361
34,2.72,3.68,0.0659
35,2.80,3.76,0.2585
36,2.88,3.84,0.4848
37,2.96,3.92,0.7384
38,3.04,4.00,0.7558
39,3.12,4.08,0.9109
40,3.20,4.16,0.6487
41,3.28,4.24,0.9001
42,3.36,4.32,0.9705
43,3.44,4.40,0.9556
44,3.52,4.48,0.9474
45,3.60,4.56,0.8726
46,3.68,4.64,0.7398
47,3.76,4.72,0.5577
48,3.84,4.80,0.5962
49,3.92,4.88,0.8071
50,4.00,4.96,0.9285
51,4.08,5.04,0.9935
52,4.16,5.12,0.9964
53,4.24,5.20,0.9917
54,4.32,5.28,0.9984
55,4.40,5.36,0.9951
56,4.48,5.44,0.9919
57,4.56,5.52,0.9937
58,4.64,5.60,0.9954
59,4.72,5.68,0.9841
60,4.80,5.76,0.9756
61,4.88,5.84,0.9399
62,4.96,5.92,0.9756
63,5.04,6.00,0.9926
64,5.12,6.08,0.9806
65,5.20,6.16,0.9928
66,5.28,6.24,0.9966
67,5.36,6.32,0.9933
68,5.44,6.40,0.9677
69,5.52,6.48,0.9453
70,5.60,6.56,0.9422
71,5.68,6.64,0.9886
72,5.76,6.72,0.9886
73,5.84,6.80,0.9771
74,5.92,6.88,0.9839
75,6.00,6.96,0.9622
76,6.08,7.04,0.9819
77,6.16,7.12,0.9677
78,6.24,7.20,0.9543
79,6.32,7.28,0.9764
80,6.40,7.36,0.9954
81,6.48,7.44,0.9991
82,6.56,7.52,0.9970
83,6.64,7.60,0.9942
84,6.72,7.68,0.9960
85,6.80,7.76,0.9983
86,6.88,7.84,0.9870
87,6.96,7.92,0.9884
88,7.04,8.00,0.9788
89,7.12,8.08,0.8606
90,7.20,8.16,0.5598
91,7.28,8.24,0.3027
92,7.36,8.32,0.1781
93,7.44,8.40,0.1803
94,7.52,8.48,0.1133
95,7.60,8.56,0.1291
96,7.68,8.64,0.0872
97,7.76,8.72,0.0427
98,7.84,8.80,0.0418
99,7.92,8.88,0.0999
100,8.00,8.96,0.3081
101,8.08,9.04,0.4488
102,8.16,9.12,0.5197
103,8.24,9.20,0.8405
104,8.32,9.28,0.9621
105,8.40,9.36,0.9941
106,8.48,9.44,0.9933
107,8.56,9.52,0.9912
108,8.64,9.60,0.9958
109,8.72,9.68,0.9936
110,8.80,9.76,0.9907
111,8.88,9.84,0.9968
112,8.96,9.92,0.9887
113,9.04,10.00,0.9980
