0,0.00,0.96,0.0765
1,0.08,1.04,0.1784
2,0.16,1.12,0.5571
3,0.24,1.20,0.9428
4,0.32,1.28,0.9918
5,0.40,1.36,0.9964
6,0.48,1.44,0.9985
7,0.56,1.52,0.9978
8,0.64,1.60,0.9987
9,0.72,1.68,0.9977
10,0.80,1.76,0.9984
11,0.88,1.84,0.9997
12,0.96,1.92,0.9993
13,1.04,2.00,0.9998
14,1.12,2.08,0.9998
15,1.20,2.16,0.9995
16,1.28,2.24,0.9989
17,1.36,2.32,0.9997
18,1.44,2.40,0.9996
19,1.52,2.48,0.9993
20,1.60,2.56,0.9990
21,1.68,2.64,0.9991
22,1.76,2.72,0.9989
23,1.84,2.80,0.9989
24,1.92,2.88,0.9995
25,2.00,2.96,0.9988
26,2.08,3.04,0.9991
27,2.16,3.12,0.9988
28,2.24,3.20,0.9982
29,2.32,3.28,0.9986
30,2.40,3.36,0.9934
31,2.48,3.44,0.9383
32,2.56,3.52,0.8501
33,2.64,3.60,0.5758
34,2.72,3.68,0.1686
35,2.80,3.76,0.0469
36,2.88,3.84,0.1769
37,2.96,3.92,0.4042
38,3.04,4.00,0.7337
39,3.12,4.08,0.9783
40,3.20,4.16,0.9961
41,3.28,4.24,0.9993
42,3.36,4.32,0.9989
43,3.44,4.40,0.9980
44,3.52,4.48,0.9986
45,3.60,4.56,0.9988
46,3.68,4.64,0.9993
47,3.76,4.72,0.9979
48,3.84,4.80,0.9985
49,3.92,4.88,0.9991
50,4.00,4.96,0.9993
51,4.08,5.04,0.9990
52,4.16,5.12,0.9991
53,4.24,5.20,0.9983
54,4.32,5.28,0.9979
55,4.40,5.36,0.9963
56,4.48,5.44,0.9950
57,4.56,5.52,0.9952
58,4.64,5.60,0.9946
59,4.72,5.68,0.9932
60,4.80,5.76,0.9890
61,4.88,5.84,0.9973
62,4.96,5.92,0.9966
63,5.04,6.00,0.9974
64,5.12,6.08,0.9934
65,5.20,6.16,0.9975
66,5.28,6.24,0.9978
67,5.36,6.32,0.9971
68,5.44,6.40,0.9960
69,5.52,6.48,0.9963
70,5.60,6.56,0.9558
71,5.68,6.64,0.8390
72,5.76,6.72,0.5919
73,5.84,6.80,0.2598
74,5.92,6.88,0.2816
75,6.00,6.96,0.0839
76,6.08,7.04,0.0655
77,6.16,7.12,0.1010
78,6.24,7.20,0.0975
79,6.32,7.28,0.0515
80,6.40,7.36,0.0220
81,6.48,7.44,0.0326
82,6.56,7.52,0.0708
83,6.64,7.60,0.0742
84,6.72,7.68,0.1084
85,6.80,7.76,0.2627
86,6.88,7.84,0.2441
87,6.96,7.92,0.0939
88,7.04,8.00,0.0726
89,7.12,8.08,0.1159
90,7.20,8.16,0.0887
91,7.28,8.24,0.2248
92,7.36,8.32,0.3307
93,7.44,8.40,0.6245
94,7.52,8.48,0.8348
95,7.60,8.56,0.9591
96,7.68,8.64,0.9898
97,7.76,8.72,0.9909
98,7.84,8.80,0.9947
99,7.92,8.88,0.9933
100,8.00,8.96,0.9937
101,8.08,9.04,0.9921
102,8.16,9.12,0.9965
103,8.24,9.20,0.9982
104,8.32,9.28,0.9986
105,8.40,9.36,0.9969
106,8.48,9.44,0.9970
107,8.56,9.52,0.9941
108,8.64,9.60,0.9948
109,8.72,9.68,0.9967
110,8.80,9.76,0.9974
111,8.88,9.84,0.9957
112,8.96,9.92,0.9926
113,9.04,10.00,0.9665
