0,0.00,0.96,0.9883
1,0.08,1.04,0.9604
2,0.16,1.12,0.7943
3,0.24,1.20,0.2834
4,0.32,1.28,0.0764
5,0.40,1.36,0.0444
6,0.48,1.44,0.0203
7,0.56,1.52,0.0137
8,0.64,1.60,0.0064
9,0.72,1.68,0.0084
10,0.80,1.76,0.0056
11,0.88,1.84,0.0116
12,0.96,1.92,0.0088
13,1.04,2.00,0.0088
14,1.12,2.08,0.0315
15,1.20,2.16,0.0244
16,1.28,2.24,0.0186
17,1.36,2.32,0.0254
18,1.44,2.40,0.0096
19,1.52,2.48,0.0210
20,1.60,2.56,0.0344
21,1.68,2.64,0.0400
22,1.76,2.72,0.0061
23,1.84,2.80,0.0067
24,1.92,2.88,0.0043
25,2.00,2.96,0.0106
26,2.08,3.04,0.0250
27,2.16,3.12,0.0506
28,2.24,3.20,0.0660
29,2.32,3.28,0.3950
30,2.40,3.36,0.7227
31,2.48,3.44,0.9714
32,2.56,3.52,0.9929
33,2.64,3.60,0.9979
34,2.72,3.68,0.9984
35,2.80,3.76,0.9994
36,2.88,3.84,0.9995
37,2.96,3.92,0.9997
38,3.04,4.00,0.9996
39,3.12,4.08,0.9994
40,3.20,4.16,0.9995
41,3.28,4.24,0.9997
42,3.36,4.32,0.9997
43,3.44,4.40,0.9996
44,3.52,4.48,0.9986
45,3.60,4.56,0.9990
46,3.68,4.64,0.9977
47,3.76,4.72,0.9978
48,3.84,4.80,0.9977
49,3.92,4.88,0.9954
50,4.00,4.96,0.9968
51,4.08,5.04,0.9991
52,4.16,5.12,0.9987
53,4.24,5.20,0.9991
54,4.32,5.28,0.9997
55,4.40,5.36,0.9997
56,4.48,5.44,0.9994
57,4.56,5.52,0.9993
58,4.64,5.60,0.9994
59,4.72,5.68,0.9996
60,4.80,5.76,0.9997
61,4.88,5.84,0.9983
62,4.96,5.92,0.9971
63,5.04,6.00,0.9964
64,5.12,6.08,0.9892
65,5.20,6.16,0.8413
66,5.28,6.24,0.5932
67,5.36,6.32,0.3437
68,5.44,6.40,0.1501
69,5.52,6.48,0.0782
70,5.60,6.56,0.1359
71,5.68,6.64,0.3932
72,5.76,6.72,0.7190
73,5.84,6.80,0.9676
74,5.92,6.88,0.9912
75,6.00,6.96,0.9942
76,6.08,7.04,0.9938
77,6.16,7.12,0.9937
78,6.24,7.20,0.9948
79,6.32,7.28,0.9789
80,6.40,7.36,0.9464
81,6.48,7.44,0.7893
82,6.56,7.52,0.6732
83,6.64,7.60,0.3229
84,6.72,7.68,0.0814
85,6.80,7.76,0.0564
86,6.88,7.84,0.0537
87,6.96,7.92,0.0344
88,7.04,8.00,0.0169
89,7.12,8.08,0.0229
90,7.20,8.16,0.0229
91,7.28,8.24,0.0101
92,7.36,8.32,0.0132
93,7.44,8.40,0.0102
94,7.52,8.48,0.0053
95,7.60,8.56,0.0057
96,7.68,8.64,0.0142
97,7.76,8.72,0.0281
98,7.84,8.80,0.0422
99,7.92,8.88,0.0415
100,8.00,8.96,0.0481
101,8.08,9.04,0.0428
102,8.16,9.12,0.0245
103,8.24,9.20,0.0245
104,8.32,9.28,0.0469
105,8.40,9.36,0.3021
106,8.48,9.44,0.7811
107,8.56,9.52,0.9028
108,8.64,9.60,0.9778
109,8.72,9.68,0.9914
110,8.80,9.76,0.9949
111,8.88,9.84,0.9922
112,8.96,9.92,0.9916
113,9.04,10.00,0.9641
