0,0.00,0.96,0.7765
1,0.08,1.04,0.6990
2,0.16,1.12,0.5759
3,0.24,1.20,0.3680
4,0.32,1.28,0.7544
5,0.40,1.36,0.3512
6,0.48,1.44,0.6280
7,0.56,1.52,0.7007
8,0.64,1.60,0.4259
9,0.72,1.68,0.4520
10,0.80,1.76,0.2707
11,0.88,1.84,0.0592
12,0.96,1.92,0.0162
13,1.04,2.00,0.0490
14,1.12,2.08,0.1127
15,1.20,2.16,0.1527
16,1.28,2.24,0.1167
17,1.36,2.32,0.1504
18,1.44,2.40,0.2119
19,1.52,2.48,0.0843
20,1.60,2.56,0.3202
21,1.68,2.64,0.7812
22,1.76,2.72,0.9135
23,1.84,2.80,0.9947
24,1.92,2.88,0.9816
25,2.00,2.96,0.9630
26,2.08,3.04,0.9731
27,2.16,3.12,0.9817
28,2.24,3.20,0.8404
29,2.32,3.28,0.9469
30,2.40,3.36,0.9684
31,2.48,3.44,0.7202
32,2.56,3.52,0.8061
33,2.64,3.60,0.7227
34,2.72,3.68,0.7352
35,2.80,3.76,0.4961
36,2.88,3.84,0.7876
37,2.96,3.92,0.9825
38,3.04,4.00,0.9874
39,3.12,4.08,0.8381
40,3.20,4.16,0.9226
41,3.28,4.24,0.9279
42,3.36,4.32,0.8180
43,3.44,4.40,0.9205
44,3.52,4.48,0.9792
45,3.60,4.56,0.9557
46,3.68,4.64,0.7772
47,3.76,4.72,0.3406
48,3.84,4.80,0.3693
49,3.92,4.88,0.5356
50,4.00,4.96,0.5174
51,4.08,5.04,0.3829
52,4.16,5.12,0.5687
53,4.24,5.20,0.6000
54,4.32,5.28,0.4763
55,4.40,5.36,0.5235
56,4.48,5.44,0.1674
57,4.56,5.52,0.0314
58,4.64,5.60,0.0172
59,4.72,5.68,0.0112
60,4.80,5.76,0.0014
61,4.88,5.84,0.0018
62,4.96,5.92,0.0159
63,5.04,6.00,0.0606
64,5.12,6.08,0.1223
65,5.20,6.16,0.1371
66,5.28,6.24,0.4712
67,5.36,6.32,0.1395
68,5.44,6.40,0.0446
69,5.52,6.48,0.1832
70,5.60,6.56,0.1699
71,5.68,6.64,0.0746
72,5.76,6.72,0.1468
73,5.84,6.80,0.0869
74,5.92,6.88,0.0394
75,6.00,6.96,0.0253
76,6.08,7.04,0.0968
77,6.16,7.12,0.2917
78,6.24,7.20,0.8921
79,6.32,7.28,0.9246
80,6.40,7.36,0.9472
81,6.48,7.44,0.9951
82,6.56,7.52,0.9986
83,6.64,7.60,0.9983
84,6.72,7.68,0.9825
85,6.80,7.76,0.9541
86,6.88,7.84,0.8748
87,6.96,7.92,0.9178
88,7.04,8.00,0.8925
89,7.12,8.08,0.9887
90,7.20,8.16,0.9213
91,7.28,8.24,0.7947
92,7.36,8.32,0.8998
93,7.44,8.40,0.9612
94,7.52,8.48,0.5497
95,7.60,8.56,0.2385
96,7.68,8.64,0.3915
97,7.76,8.72,0.8933
98,7.84,8.80,0.9921
99,7.92,8.88,0.9848
100,8.00,8.96,0.9809
101,8.08,9.04,0.9494
102,8.16,9.12,0.9808
103,8.24,9.20,0.9971
104,8.32,9.28,0.9991
105,8.40,9.36,0.9983
106,8.48,9.44,0.9926
107,8.56,9.52,0.9913
108,8.64,9.60,0.9982
109,8.72,9.68,0.9953
110,8.80,9.76,0.9463
111,8.88,9.84,0.9349
112,8.96,9.92,0.9309
113,9.04,10.00,0.6581
