0,0.00,0.96,0.9984
1,0.08,1.04,0.9910
2,0.16,1.12,0.9807
3,0.24,1.20,0.9907
4,0.32,1.28,0.9934
5,0.40,1.36,0.9644
6,0.48,1.44,0.9847
7,0.56,1.52,0.9501
8,0.64,1.60,0.9891
9,0.72,1.68,0.9916
10,0.80,1.76,0.9877
11,0.88,1.84,0.9953
12,0.96,1.92,0.9962
13,1.04,2.00,0.9986
14,1.12,2.08,0.9982
15,1.20,2.16,0.9979
16,1.28,2.24,0.9965
17,1.36,2.32,0.9967
18,1.44,2.40,0.9991
19,1.52,2.48,0.9979
20,1.60,2.56,0.9985
21,1.68,2.64,0.9954
22,1.76,2.72,0.9704
23,1.84,2.80,0.9811
24,1.92,2.88,0.9886
25,2.00,2.96,0.9884
26,2.08,3.04,0.9622
27,2.16,3.12,0.9787
28,2.24,3.20,0.9862
29,2.32,3.28,0.9740
30,2.40,3.36,0.9369
31,2.48,3.44,0.9487
32,2.56,3.52,0.9797
33,2.64,3.60,0.9874
34,2.72,3.68,0.9672
35,2.80,3.76,0.9579
36,2.88,3.84,0.9583
37,2.96,3.92,0.7170
38,3.04,4.00,0.4764
39,3.12,4.08,0.5015
40,3.20,4.16,0.0984
41,3.28,4.24,0.1450
42,3.36,4.32,0.3014
43,3.44,4.40,0.1794
44,3.52,4.48,0.1110
45,3.60,4.56,0.2098
46,3.68,4.64,0.1441
47,3.76,4.72,0.0176
48,3.84,4.80,0.0218
49,3.92,4.88,0.0464
50,4.00,4.96,0.1189
51,4.08,5.04,0.0869
52,4.16,5.12,0.1443
53,4.24,5.20,0.5270
54,4.32,5.28,0.7382
55,4.40,5.36,0.6773
56,4.48,5.44,0.9542
57,4.56,5.52,0.9742
58,4.64,5.60,0.9944
59,4.72,5.68,0.9845
60,4.80,5.76,0.9870
61,4.88,5.84,0.9928
62,4.96,5.92,0.9921
63,5.04,6.00,0.9785
64,5.12,6.08,0.8765
65,5.20,6.16,0.9795
66,5.28,6.24,0.9864
67,5.36,6.32,0.9956
68,5.44,6.40,0.9978
69,5.52,6.48,0.9983
70,5.60,6.56,0.9970
71,5.68,6.64,0.9976
72,5.76,6.72,0.9991
73,5.84,6.80,0.9988
74,5.92,6.88,0.9997
75,6.00,6.96,0.9977
76,6.08,7.04,0.9883
77,6.16,7.12,0.9954
78,6.24,7.20,0.9891
79,6.32,7.28,0.9977
80,6.40,7.36,0.9983
81,6.48,7.44,0.9983
82,6.56,7.52,0.9954
83,6.64,7.60,0.9336
84,6.72,7.68,0.4027
85,6.80,7.76,0.4668
86,6.88,7.84,0.0806
87,6.96,7.92,0.1944
88,7.04,8.00,0.2264
89,7.12,8.08,0.1651
90,7.20,8.16,0.1867
91,7.28,8.24,0.2088
92,7.36,8.32,0.1417
93,7.44,8.40,0.3184
94,7.52,8.48,0.5102
95,7.60,8.56,0.4034
96,7.68,8.64,0.1988
97,7.76,8.72,0.3683
98,7.84,8.80,0.0609
99,7.92,8.88,0.0928
100,8.00,8.96,0.1774
101,8.08,9.04,0.1056
102,8.16,9.12,0.2929
103,8.24,9.20,0.3543
104,8.32,9.28,0.3253
105,8.40,9.36,0.6255
106,8.48,9.44,0.4264
107,8.56,9.52,0.6746
108,8.64,9.60,0.2953
109,8.72,9.68,0.4965
110,8.80,9.76,0.6709
111,8.88,9.84,0.7404
112,8.96,9.92,0.9118
113,9.04,10.00,0.9563
