0,0.00,0.96,0.2167
1,0.08,1.04,0.3734
2,0.16,1.12,0.0390
3,0.24,1.20,0.0162
4,0.32,1.28,0.0273
5,0.40,1.36,0.0810
6,0.48,1.44,0.0976
7,0.56,1.52,0.1486
8,0.64,1.60,0.1159
9,0.72,1.68,0.0339
10,0.80,1.76,0.0527
11,0.88,1.84,0.1267
12,0.96,1.92,0.2229
13,1.04,2.00,0.4938
14,1.12,2.08,0.8051
15,1.20,2.16,0.9499
16,1.28,2.24,0.8894
17,1.36,2.32,0.4769
18,1.44,2.40,0.9281
19,1.52,2.48,0.9647
20,1.60,2.56,0.8627
21,1.68,2.64,0.9287
22,1.76,2.72,0.9875
23,1.84,2.80,0.9989
24,1.92,2.88,0.9985
25,2.00,2.96,0.9995
26,2.08,3.04,0.9920
27,2.16,3.12,0.9886
28,2.24,3.20,0.9763
29,2.32,3.28,0.9848
30,2.40,3.36,0.9985
31,2.48,3.44,0.9981
32,2.56,3.52,0.9855
33,2.64,3.60,0.8896
34,2.72,3.68,0.9925
35,2.80,3.76,0.9953
36,2.88,3.84,0.9965
37,2.96,3.92,0.9906
38,3.04,4.00,0.9916
39,3.12,4.08,0.9415
40,3.20,4.16,0.9565
41,3.28,4.24,0.6579
42,3.36,4.32,0.4240
43,3.44,4.40,0.1502
44,3.52,4.48,0.0009
45,3.60,4.56,0.0011
46,3.68,4.64,0.0006
47,3.76,4.72,0.0011
48,3.84,4.80,0.0030
49,3.92,4.88,0.0980
50,4.00,4.96,0.1666
51,4.08,5.04,0.2559
52,4.16,5.12,0.4258
53,4.24,5.20,0.7465
54,4.32,5.28,0.8570
55,4.40,5.36,0.9146
56,4.48,5.44,0.9770
57,4.56,5.52,0.5460
58,4.64,5.60,0.9878
59,4.72,5.68,0.9991
60,4.80,5.76,0.9989
61,4.88,5.84,0.9831
62,4.96,5.92,0.9970
63,5.04,6.00,0.9860
64,5.12,6.08,0.9926
65,5.20,6.16,0.9307
66,5.28,6.24,0.9979
67,5.36,6.32,0.9673
68,5.44,6.40,0.9702
69,5.52,6.48,0.5430
70,5.60,6.56,0.6772
71,5.68,6.64,0.6461
72,5.76,6.72,0.9481
73,5.84,6.80,0.9116
74,5.92,6.88,0.9865
75,6.00,6.96,0.9254
76,6.08,7.04,0.9043
77,6.16,7.12,0.8868
78,6.24,7.20,0.9560
79,6.32,7.28,0.9759
80,6.40,7.36,0.9914
81,6.48,7.44,0.9923
82,6.56,7.52,0.9959
83,6.64,7.60,0.9674
84,6.72,7.68,0.9692
85,6.80,7.76,0.9940
86,6.88,7.84,0.7528
87,6.96,7.92,0.7694
88,7.04,8.00,0.8442
89,7.12,8.08,0.9727
90,7.20,8.16,0.9867
91,7.28,8.24,0.9864
92,7.36,8.32,0.9935
93,7.44,8.40,0.9802
94,7.52,8.48,0.9709
95,7.60,8.56,0.8337
96,7.68,8.64,0.9860
97,7.76,8.72,0.9891
98,7.84,8.80,0.9111
99,7.92,8.88,0.8947
100,8.00,8.96,0.9573
101,8.08,9.04,0.9692
102,8.16,9.12,0.6616
103,8.24,9.20,0.0071
104,8.32,9.28,0.0199
105,8.40,9.36,0.0073
106,8.48,9.44,0.0353
107,8.56,9.52,0.1848
108,8.64,9.60,0.5569
109,8.72,9.68,0.9292
110,8.80,9.76,0.9750
111,8.88,9.84,0.9952
112,8.96,9.92,0.9977
113,9.04,10.00,0.9989
