0,0.00,0.96,0.0523
1,0.08,1.04,0.0511
2,0.16,1.12,0.0253
3,0.24,1.20,0.0268
4,0.32,1.28,0.0114
5,0.40,1.36,0.0206
6,0.48,1.44,0.0251
7,0.56,1.52,0.0491
8,0.64,1.60,0.0232
9,0.72,1.68,0.0367
10,0.80,1.76,0.0481
11,0.88,1.84,0.0355
12,0.96,1.92,0.0253
13,1.04,2.00,0.0137
14,1.12,2.08,0.0074
15,1.20,2.16,0.0060
16,1.28,2.24,0.0040
17,1.36,2.32,0.0115
18,1.44,2.40,0.0070
19,1.52,2.48,0.0153
20,1.60,2.56,0.0541
21,1.68,2.64,0.2234
22,1.76,2.72,0.6577
23,1.84,2.80,0.9444
24,1.92,2.88,0.9838
25,2.00,2.96,0.9954
26,2.08,3.04,0.9976
27,2.16,3.12,0.9991
28,2.24,3.20,0.9997
29,2.32,3.28,0.9992
30,2.40,3.36,0.9977
31,2.48,3.44,0.9984
32,2.56,3.52,0.9991
33,2.64,3.60,0.9996
34,2.72,3.68,0.9996
35,2.80,3.76,0.9998
36,2.88,3.84,0.9998
37,2.96,3.92,0.9999
38,3.04,4.00,0.9999
39,3.12,4.08,0.9996
40,3.20,4.16,0.9995
41,3.28,4.24,0.9994
42,3.36,4.32,0.9993
43,3.44,4.40,0.9992
44,3.52,4.48,0.9996
45,3.60,4.56,0.9992
46,3.68,4.64,0.9994
47,3.76,4.72,0.9994
48,3.84,4.80,0.9989
49,3.92,4.88,0.9980
50,4.00,4.96,0.9957
51,4.08,5.04,0.9972
52,4.16,5.12,0.9975
53,4.24,5.20,0.9966
54,4.32,5.28,0.9929
55,4.40,5.36,0.9958
56,4.48,5.44,0.9963
57,4.56,5.52,0.9956
58,4.64,5.60,0.9944
59,4.72,5.68,0.9951
60,4.80,5.76,0.9964
61,4.88,5.84,0.9939
62,4.96,5.92,0.9761
63,5.04,6.00,0.9274
64,5.12,6.08,0.8304
65,5.20,6.16,0.4789
66,5.28,6.24,0.1657
67,5.36,6.32,0.0465
68,5.44,6.40,0.0142
69,5.52,6.48,0.0069
70,5.60,6.56,0.0034
71,5.68,6.64,0.0081
72,5.76,6.72,0.0115
73,5.84,6.80,0.0128
74,5.92,6.88,0.0154
75,6.00,6.96,0.0183
76,6.08,7.04,0.0144
77,6.16,7.12,0.0203
78,6.24,7.20,0.0413
79,6.32,7.28,0.3763
80,6.40,7.36,0.8115
81,6.48,7.44,0.9552
82,6.56,7.52,0.9943
83,6.64,7.60,0.9989
84,6.72,7.68,0.9987
85,6.80,7.76,0.9989
86,6.88,7.84,0.9990
87,6.96,7.92,0.9990
88,7.04,8.00,0.9978
89,7.12,8.08,0.9931
90,7.20,8.16,0.9640
91,7.28,8.24,0.8929
92,7.36,8.32,0.3975
93,7.44,8.40,0.1060
94,7.52,8.48,0.0154
95,7.60,8.56,0.0056
96,7.68,8.64,0.0062
97,7.76,8.72,0.0101
98,7.84,8.80,0.0173
99,7.92,8.88,0.0871
100,8.00,8.96,0.4307
101,8.08,9.04,0.7754
102,8.16,9.12,0.9527
103,8.24,9.20,0.9860
104,8.32,9.28,0.9968
105,8.40,9.36,0.9971
106,8.48,9.44,0.9992
107,8.56,9.52,0.9995
108,8.64,9.60,0.9989
109,8.72,9.68,0.9983
110,8.80,9.76,0.9987
111,8.88,9.84,0.9984
112,8.96,9.92,0.9988
113,9.04,10.00,0.9985
