0,0.00,0.96,0.0097
1,0.08,1.04,0.0088
2,0.16,1.12,0.0050
3,0.24,1.20,0.0054
4,0.32,1.28,0.0087
5,0.40,1.36,0.0100
6,0.48,1.44,0.0099
7,0.56,1.52,0.0056
8,0.64,1.60,0.0057
9,0.72,1.68,0.0069
10,0.80,1.76,0.0053
11,0.88,1.84,0.0087
12,0.96,1.92,0.0164
13,1.04,2.00,0.0223
14,1.12,2.08,0.0721
15,1.20,2.16,0.2139
16,1.28,2.24,0.6790
17,1.36,2.32,0.9600
18,1.44,2.40,0.9851
19,1.52,2.48,0.9969
20,1.60,2.56,0.9992
21,1.68,2.64,0.9992
22,1.76,2.72,0.9991
23,1.84,2.80,0.9989
24,1.92,2.88,0.9989
25,2.00,2.96,0.9988
26,2.08,3.04,0.9987
27,2.16,3.12,0.9991
28,2.24,3.20,0.9980
29,2.32,3.28,0.9962
30,2.40,3.36,0.9943
31,2.48,3.44,0.9846
32,2.56,3.52,0.8911
33,2.64,3.60,0.6357
34,2.72,3.68,0.3322
35,2.80,3.76,0.0912
36,2.88,3.84,0.0217
37,2.96,3.92,0.0173
38,3.04,4.00,0.0256
39,3.12,4.08,0.0153
40,3.20,4.16,0.0147
41,3.28,4.24,0.0209
42,3.36,4.32,0.0193
43,3.44,4.40,0.0090
44,3.52,4.48,0.0111
45,3.60,4.56,0.0081
46,3.68,4.64,0.0073
47,3.76,4.72,0.0091
48,3.84,4.80,0.0578
49,3.92,4.88,0.1994
50,4.00,4.96,0.6752
51,4.08,5.04,0.9474
52,4.16,5.12,0.9900
53,4.24,5.20,0.9973
54,4.32,5.28,0.9988
55,4.40,5.36,0.9992
56,4.48,5.44,0.9989
57,4.56,5.52,0.9985
58,4.64,5.60,0.9986
59,4.72,5.68,0.9986
60,4.80,5.76,0.9989
61,4.88,5.84,0.9993
62,4.96,5.92,0.9993
63,5.04,6.00,0.9990
64,5.12,6.08,0.9978
65,5.20,6.16,0.9975
66,5.28,6.24,0.9965
67,5.36,6.32,0.9964
68,5.44,6.40,0.9975
69,5.52,6.48,0.9980
70,5.60,6.56,0.9991
71,5.68,6.64,0.9993
72,5.76,6.72,0.9996
73,5.84,6.80,0.9997
74,5.92,6.88,0.9997
75,6.00,6.96,0.9996
76,6.08,7.04,0.9993
77,6.16,7.12,0.9989
78,6.24,7.20,0.9982
79,6.32,7.28,0.9940
80,6.40,7.36,0.9666
81,6.48,7.44,0.8681
82,6.56,7.52,0.4226
83,6.64,7.60,0.0743
84,6.72,7.68,0.0155
85,6.80,7.76,0.0071
86,6.88,7.84,0.0037
87,6.96,7.92,0.0038
88,7.04,8.00,0.0059
89,7.12,8.08,0.0084
90,7.20,8.16,0.0069
91,7.28,8.24,0.0047
92,7.36,8.32,0.0045
93,7.44,8.40,0.0073
94,7.52,8.48,0.0129
95,7.60,8.56,0.0194
96,7.68,8.64,0.0433
97,7.76,8.72,0.1115
98,7.84,8.80,0.1209
99,7.92,8.88,0.2493
100,8.00,8.96,0.2563
101,8.08,9.04,0.3545
102,8.16,9.12,0.3971
103,8.24,9.20,0.2035
104,8.32,9.28,0.1392
105,8.40,9.36,0.0867
106,8.48,9.44,0.0524
107,8.56,9.52,0.1182
108,8.64,9.60,0.4061
109,8.72,9.68,0.6418
110,8.80,9.76,0.9081
111,8.88,9.84,0.9864
112,8.96,9.92,0.9962
113,9.04,10.00,0.9985
