0,0.00,0.96,0.9987
1,0.08,1.04,0.9975
2,0.16,1.12,0.9989
3,0.24,1.20,0.9983
4,0.32,1.28,0.9994
5,0.40,1.36,0.9981
6,0.48,1.44,0.9961
7,0.56,1.52,0.9976
8,0.64,1.60,0.9965
9,0.72,1.68,0.9954
10,0.80,1.76,0.9884
11,0.88,1.84,0.9586
12,0.96,1.92,0.8178
13,1.04,2.00,0.5262
14,1.12,2.08,0.2842
15,1.20,2.16,0.2380
16,1.28,2.24,0.0940
17,1.36,2.32,0.0460
18,1.44,2.40,0.0285
19,1.52,2.48,0.0645
20,1.60,2.56,0.0795
21,1.68,2.64,0.0220
22,1.76,2.72,0.0074
23,1.84,2.80,0.0059
24,1.92,2.88,0.0096
25,2.00,2.96,0.0149
26,2.08,3.04,0.0425
27,2.16,3.12,0.1043
28,2.24,3.20,0.5215
29,2.32,3.28,0.8772
30,2.40,3.36,0.9666
31,2.48,3.44,0.9946
32,2.56,3.52,0.9932
33,2.64,3.60,0.9960
34,2.72,3.68,0.9972
35,2.80,3.76,0.9981
36,2.88,3.84,0.9943
37,2.96,3.92,0.9942
38,3.04,4.00,0.9960
39,3.12,4.08,0.9972
40,3.20,4.16,0.9986
41,3.28,4.24,0.9990
42,3.36,4.32,0.9987
43,3.44,4.40,0.9990
44,3.52,4.48,0.9986
45,3.60,4.56,0.9985
46,3.68,4.64,0.9989
47,3.76,4.72,0.9986
48,3.84,4.80,0.9987
49,3.92,4.88,0.9991
50,4.00,4.96,0.9993
51,4.08,5.04,0.9995
52,4.16,5.12,0.9998
53,4.24,5.20,0.9998
54,4.32,5.28,0.9996
55,4.40,5.36,0.9995
56,4.48,5.44,0.9995
57,4.56,5.52,0.9995
58,4.64,5.60,0.9997
59,4.72,5.68,0.9987
60,4.80,5.76,0.9994
61,4.88,5.84,0.9996
62,4.96,5.92,0.9991
63,5.04,6.00,0.9974
64,5.12,6.08,0.9823
65,5.20,6.16,0.8981
66,5.28,6.24,0.6971
67,5.36,6.32,0.4102
68,5.44,6.40,0.2359
69,5.52,6.48,0.1577
70,5.60,6.56,0.1556
71,5.68,6.64,0.1641
72,5.76,6.72,0.0677
73,5.84,6.80,0.0892
74,5.92,6.88,0.1854
75,6.00,6.96,0.1283
76,6.08,7.04,0.2033
77,6.16,7.12,0.0917
78,6.24,7.20,0.0934
79,6.32,7.28,0.0995
80,6.40,7.36,0.3928
81,6.48,7.44,0.8408
82,6.56,7.52,0.9407
83,6.64,7.60,0.9907
84,6.72,7.68,0.9986
85,6.80,7.76,0.9991
86,6.88,7.84,0.9993
87,6.96,7.92,0.9995
88,7.04,8.00,0.9988
89,7.12,8.08,0.9987
90,7.20,8.16,0.9996
91,7.28,8.24,0.9991
92,7.36,8.32,0.9993
93,7.44,8.40,0.9993
94,7.52,8.48,0.9990
95,7.60,8.56,0.9987
96,7.68,8.64,0.9990
97,7.76,8.72,0.9973
98,7.84,8.80,0.9909
99,7.92,8.88,0.9771
100,8.00,8.96,0.8297
101,8.08,9.04,0.3618
102,8.16,9.12,0.4448
103,8.24,9.20,0.4428
104,8.32,9.28,0.7268
105,8.40,9.36,0.8359
106,8.48,9.44,0.9616
107,8.56,9.52,0.9776
108,8.64,9.60,0.9924
109,8.72,9.68,0.9943
110,8.80,9.76,0.9935
111,8.88,9.84,0.9937
112,8.96,9.92,0.9796
113,9.04,10.00,0.9730
