0,0.00,0.96,0.9832
1,0.08,1.04,0.9899
2,0.16,1.12,0.9909
3,0.24,1.20,0.9904
4,0.32,1.28,0.9743
5,0.40,1.36,0.9786
6,0.48,1.44,0.9477
7,0.56,1.52,0.9472
8,0.64,1.60,0.9159
9,0.72,1.68,0.7393
10,0.80,1.76,0.8511
11,0.88,1.84,0.5153
12,0.96,1.92,0.9250
13,1.04,2.00,0.9210
14,1.12,2.08,0.9795
15,1.20,2.16,0.9922
16,1.28,2.24,0.9974
17,1.36,2.32,0.9964
18,1.44,2.40,0.9805
19,1.52,2.48,0.9777
20,1.60,2.56,0.9706
21,1.68,2.64,0.8248
22,1.76,2.72,0.7458
23,1.84,2.80,0.3678
24,1.92,2.88,0.2891
25,2.00,2.96,0.1180
26,2.08,3.04,0.2140
27,2.16,3.12,0.0971
28,2.24,3.20,0.0922
29,2.32,3.28,0.0670
30,2.40,3.36,0.0205
31,2.48,3.44,0.0217
32,2.56,3.52,0.0445
33,2.64,3.60,0.0702
34,2.72,3.68,0.0547
35,2.80,3.76,0.0196
36,2.88,3.84,0.0381
37,2.96,3.92,0.0549
38,3.04,4.00,0.0971
39,3.12,4.08,0.0722
40,3.20,4.16,0.0210
41,3.28,4.24,0.0373
42,3.36,4.32,0.0401
43,3.44,4.40,0.1143
44,3.52,4.48,0.1254
45,3.60,4.56,0.1723
46,3.68,4.64,0.3767
47,3.76,4.72,0.5122
48,3.84,4.80,0.6949
49,3.92,4.88,0.8883
50,4.00,4.96,0.9271
51,4.08,5.04,0.9660
52,4.16,5.12,0.9955
53,4.24,5.20,0.9980
54,4.32,5.28,0.9980
55,4.40,5.36,0.9992
56,4.48,5.44,0.9976
57,4.56,5.52,0.9995
58,4.64,5.60,0.9989
59,4.72,5.68,0.9996
60,4.80,5.76,0.9998
61,4.88,5.84,0.9988
62,4.96,5.92,0.9994
63,5.04,6.00,0.9988
64,5.12,6.08,0.9974
65,5.20,6.16,0.9978
66,5.28,6.24,0.9943
67,5.36,6.32,0.9956
68,5.44,6.40,0.9880
69,5.52,6.48,0.9851
70,5.60,6.56,0.9899
71,5.68,6.64,0.9812
72,5.76,6.72,0.9373
73,5.84,6.80,0.9051
74,5.92,6.88,0.6152
75,6.00,6.96,0.3842
76,6.08,7.04,0.3156
77,6.16,7.12,0.5272
78,6.24,7.20,0.6907
79,6.32,7.28,0.8486
80,6.40,7.36,0.9103
81,6.48,7.44,0.9208
82,6.56,7.52,0.9873
83,6.64,7.60,0.9867
84,6.72,7.68,0.9935
85,6.80,7.76,0.9940
86,6.88,7.84,0.9962
87,6.96,7.92,0.9933
88,7.04,8.00,0.9969
89,7.12,8.08,0.9986
90,7.20,8.16,0.9991
91,7.28,8.24,0.9988
92,7.36,8.32,0.9976
93,7.44,8.40,0.9996
94,7.52,8.48,0.9986
95,7.60,8.56,0.9990
96,7.68,8.64,0.9988
97,7.76,8.72,0.9982
98,7.84,8.80,0.9980
99,7.92,8.88,0.9962
100,8.00,8.96,0.9968
101,8.08,9.04,0.9971
102,8.16,9.12,0.9995
103,8.24,9.20,0.9996
104,8.32,9.28,0.9995
105,8.40,9.36,0.9995
106,8.48,9.44,0.9998
107,8.56,9.52,0.9991
108,8.64,9.60,0.9984
109,8.72,9.68,0.9913
110,8.80,9.76,0.9944
111,8.88,9.84,0.9968
112,8.96,9.92,0.9924
113,9.04,10.00,0.9973
