0,0.00,0.96,0.9823
1,0.08,1.04,0.9937
2,0.16,1.12,0.9953
3,0.24,1.20,0.9938
4,0.32,1.28,0.9938
5,0.40,1.36,0.9891
6,0.48,1.44,0.9855
7,0.56,1.52,0.9183
8,0.64,1.60,0.6747
9,0.72,1.68,0.4017
10,0.80,1.76,0.2398
11,0.88,1.84,0.0311
12,0.96,1.92,0.0315
13,1.04,2.00,0.0192
14,1.12,2.08,0.0069
15,1.20,2.16,0.0020
16,1.28,2.24,0.0015
17,1.36,2.32,0.0024
18,1.44,2.40,0.0034
19,1.52,2.48,0.0064
20,1.60,2.56,0.0060
21,1.68,2.64,0.0044
22,1.76,2.72,0.0047
23,1.84,2.80,0.0062
24,1.92,2.88,0.0085
25,2.00,2.96,0.0067
26,2.08,3.04,0.0124
27,2.16,3.12,0.0099
28,2.24,3.20,0.0073
29,2.32,3.28,0.0067
30,2.40,3.36,0.0152
31,2.48,3.44,0.0219
32,2.56,3.52,0.0347
33,2.64,3.60,0.1602
34,2.72,3.68,0.6790
35,2.80,3.76,0.8927
36,2.88,3.84,0.9803
37,2.96,3.92,0.9948
38,3.04,4.00,0.9955
39,3.12,4.08,0.9964
40,3.20,4.16,0.9930
41,3.28,4.24,0.9923
42,3.36,4.32,0.9898
43,3.44,4.40,0.9886
44,3.52,4.48,0.9852
45,3.60,4.56,0.9854
46,3.68,4.64,0.9902
47,3.76,4.72,0.9903
48,3.84,4.80,0.9780
49,3.92,4.88,0.9751
50,4.00,4.96,0.9577
51,4.08,5.04,0.9638
52,4.16,5.12,0.9577
53,4.24,5.20,0.9145
54,4.32,5.28,0.6826
55,4.40,5.36,0.3943
56,4.48,5.44,0.1219
57,4.56,5.52,0.0269
58,4.64,5.60,0.0204
59,4.72,5.68,0.0207
60,4.80,5.76,0.0273
61,4.88,5.84,0.0184
62,4.96,5.92,0.0316
63,5.04,6.00,0.0222
64,5.12,6.08,0.0286
65,5.20,6.16,0.0203
66,5.28,6.24,0.0177
67,5.36,6.32,0.0059
68,5.44,6.40,0.0083
69,5.52,6.48,0.0196
70,5.60,6.56,0.0492
71,5.68,6.64,0.3423
72,5.76,6.72,0.5539
73,5.84,6.80,0.8128
74,5.92,6.88,0.9158
75,6.00,6.96,0.9606
76,6.08,7.04,0.9880
77,6.16,7.12,0.9954
78,6.24,7.20,0.9932
79,6.32,7.28,0.9903
80,6.40,7.36,0.9843
81,6.48,7.44,0.9928
82,6.56,7.52,0.9958
83,6.64,7.60,0.9943
84,6.72,7.68,0.9818
85,6.80,7.76,0.9330
86,6.88,7.84,0.8514
87,6.96,7.92,0.6768
88,7.04,8.00,0.1579
89,7.12,8.08,0.0501
90,7.20,8.16,0.0467
91,7.28,8.24,0.0218
92,7.36,8.32,0.0324
93,7.44,8.40,0.0359
94,7.52,8.48,0.0186
95,7.60,8.56,0.0159
96,7.68,8.64,0.0152
97,7.76,8.72,0.0099
98,7.84,8.80,0.0070
99,7.92,8.88,0.0171
100,8.00,8.96,0.0108
101,8.08,9.04,0.0197
102,8.16,9.12,0.0156
103,8.24,9.20,0.0157
104,8.32,9.28,0.0208
105,8.40,9.36,0.0157
106,8.48,9.44,0.0264
107,8.56,9.52,0.0170
108,8.64,9.60,0.0610
109,8.72,9.68,0.0718
110,8.80,9.76,0.2880
111,8.88,9.84,0.7734
112,8.96,9.92,0.9492
113,9.04,10.00,0.9642
