0,0.00,0.96,0.0546
1,0.08,1.04,0.0226
2,0.16,1.12,0.0125
3,0.24,1.20,0.0040
4,0.32,1.28,0.0071
5,0.40,1.36,0.0075
6,0.48,1.44,0.0083
7,0.56,1.52,0.0051
8,0.64,1.60,0.0064
9,0.72,1.68,0.0165
10,0.80,1.76,0.0518
11,0.88,1.84,0.2466
12,0.96,1.92,0.7053
13,1.04,2.00,0.9685
14,1.12,2.08,0.9866
15,1.20,2.16,0.9944
16,1.28,2.24,0.9871
17,1.36,2.32,0.9312
18,1.44,2.40,0.7832
19,1.52,2.48,0.3077
20,1.60,2.56,0.1188
21,1.68,2.64,0.0310
22,1.76,2.72,0.0061
23,1.84,2.80,0.0116
24,1.92,2.88,0.0082
25,2.00,2.96,0.0049
26,2.08,3.04,0.0152
27,2.16,3.12,0.0272
28,2.24,3.20,0.1525
29,2.32,3.28,0.3490
30,2.40,3.36,0.6672
31,2.48,3.44,0.9130
32,2.56,3.52,0.9778
33,2.64,3.60,0.9923
34,2.72,3.68,0.9939
35,2.80,3.76,0.9955
36,2.88,3.84,0.9966
37,2.96,3.92,0.9964
38,3.04,4.00,0.9956
39,3.12,4.08,0.9903
40,3.20,4.16,0.9932
41,3.28,4.24,0.9933
42,3.36,4.32,0.9917
43,3.44,4.40,0.9957
44,3.52,4.48,0.9905
45,3.60,4.56,0.9959
46,3.68,4.64,0.9954
47,3.76,4.72,0.9957
48,3.84,4.80,0.9943
49,3.92,4.88,0.9868
50,4.00,4.96,0.9876
51,4.08,5.04,0.9905
52,4.16,5.12,0.9935
53,4.24,5.20,0.9928
54,4.32,5.28,0.9797
55,4.40,5.36,0.9661
56,4.48,5.44,0.9906
57,4.56,5.52,0.9851
58,4.64,5.60,0.9935
59,4.72,5.68,0.9897
60,4.80,5.76,0.9896
61,4.88,5.84,0.9928
62,4.96,5.92,0.9895
63,5.04,6.00,0.9955
64,5.12,6.08,0.9952
65,5.20,6.16,0.9959
66,5.28,6.24,0.9948
67,5.36,6.32,0.9959
68,5.44,6.40,0.9975
69,5.52,6.48,0.9948
70,5.60,6.56,0.9940
71,5.68,6.64,0.9662
72,5.76,6.72,0.8936
73,5.84,6.80,0.6599
74,5.92,6.88,0.1929
75,6.00,6.96,0.0771
76,6.08,7.04,0.0367
77,6.16,7.12,0.0164
78,6.24,7.20,0.0182
79,6.32,7.28,0.0192
80,6.40,7.36,0.0182
81,6.48,7.44,0.0174
82,6.56,7.52,0.0166
83,6.64,7.60,0.0140
84,6.72,7.68,0.0156
85,6.80,7.76,0.0117
86,6.88,7.84,0.0438
87,6.96,7.92,0.0188
88,7.04,8.00,0.0140
89,7.12,8.08,0.0115
90,7.20,8.16,0.0325
91,7.28,8.24,0.0154
92,7.36,8.32,0.0192
93,7.44,8.40,0.0211
94,7.52,8.48,0.0237
95,7.60,8.56,0.0395
96,7.68,8.64,0.0584
97,7.76,8.72,0.0373
98,7.84,8.80,0.0353
99,7.92,8.88,0.0147
100,8.00,8.96,0.0250
101,8.08,9.04,0.0390
102,8.16,9.12,0.1162
103,8.24,9.20,0.2089
104,8.32,9.28,0.6417
105,8.40,9.36,0.7826
106,8.48,9.44,0.9379
107,8.56,9.52,0.9548
108,8.64,9.60,0.9638
109,8.72,9.68,0.9858
110,8.80,9.76,0.9907
111,8.88,9.84,0.9949
112,8.96,9.92,0.9974
113,9.04,10.00,0.9954
