0,0.00,0.96,0.9938
1,0.08,1.04,0.9895
2,0.16,1.12,0.9948
3,0.24,1.20,0.9904
4,0.32,1.28,0.9889
5,0.40,1.36,0.9904
6,0.48,1.44,0.9965
7,0.56,1.52,0.9951
8,0.64,1.60,0.9927
9,0.72,1.68,0.9906
10,0.80,1.76,0.9960
11,0.88,1.84,0.9829
12,0.96,1.92,0.9770
13,1.04,2.00,0.9950
14,1.12,2.08,0.9958
15,1.20,2.16,0.9895
16,1.28,2.24,0.9807
17,1.36,2.32,0.9521
18,1.44,2.40,0.8914
19,1.52,2.48,0.8100
20,1.60,2.56,0.4903
21,1.68,2.64,0.1473
22,1.76,2.72,0.0829
23,1.84,2.80,0.0311
24,1.92,2.88,0.0146
25,2.00,2.96,0.0064
26,2.08,3.04,0.0037
27,2.16,3.12,0.0033
28,2.24,3.20,0.0026
29,2.32,3.28,0.0044
30,2.40,3.36,0.0033
31,2.48,3.44,0.0010
32,2.56,3.52,0.0011
33,2.64,3.60,0.0020
34,2.72,3.68,0.0042
35,2.80,3.76,0.0343
36,2.88,3.84,0.1041
37,2.96,3.92,0.4880
38,3.04,4.00,0.8167
39,3.12,4.08,0.9438
40,3.20,4.16,0.9687
41,3.28,4.24,0.9838
42,3.36,4.32,0.9835
43,3.44,4.40,0.9875
44,3.52,4.48,0.9876
45,3.60,4.56,0.9826
46,3.68,4.64,0.9909
47,3.76,4.72,0.9930
48,3.84,4.80,0.9913
49,3.92,4.88,0.9922
50,4.00,4.96,0.9921
51,4.08,5.04,0.9883
52,4.16,5.12,0.9898
53,4.24,5.20,0.9873
54,4.32,5.28,0.9823
55,4.40,5.36,0.9685
56,4.48,5.44,0.9723
57,4.56,5.52,0.9838
58,4.64,5.60,0.9810
59,4.72,5.68,0.9953
60,4.80,5.76,0.9967
61,4.88,5.84,0.9979
62,4.96,5.92,0.9982
63,5.04,6.00,0.9990
64,5.12,6.08,0.9979
65,5.20,6.16,0.9909
66,5.28,6.24,0.9893
67,5.36,6.32,0.9924
68,5.44,6.40,0.9924
69,5.52,6.48,0.9905
70,5.60,6.56,0.9895
71,5.68,6.64,0.9709
72,5.76,6.72,0.9152
73,5.84,6.80,0.5626
74,5.92,6.88,0.1483
75,6.00,6.96,0.1109
76,6.08,7.04,0.0497
77,6.16,7.12,0.0222
78,6.24,7.20,0.0141
79,6.32,7.28,0.0107
80,6.40,7.36,0.0084
81,6.48,7.44,0.0052
82,6.56,7.52,0.0033
83,6.64,7.60,0.0041
84,6.72,7.68,0.0041
85,6.80,7.76,0.0093
86,6.88,7.84,0.0121
87,6.96,7.92,0.0147
88,7.04,8.00,0.0107
89,7.12,8.08,0.0111
90,7.20,8.16,0.0143
91,7.28,8.24,0.0208
92,7.36,8.32,0.0192
93,7.44,8.40,0.0311
94,7.52,8.48,0.0277
95,7.60,8.56,0.0364
96,7.68,8.64,0.0249
97,7.76,8.72,0.0098
98,7.84,8.80,0.0127
99,7.92,8.88,0.0225
100,8.00,8.96,0.0458
101,8.08,9.04,0.1135
102,8.16,9.12,0.2452
103,8.24,9.20,0.4667
104,8.32,9.28,0.8381
105,8.40,9.36,0.9592
106,8.48,9.44,0.9794
107,8.56,9.52,0.9937
108,8.64,9.60,0.9922
109,8.72,9.68,0.9905
110,8.80,9.76,0.9959
111,8.88,9.84,0.9970
112,8.96,9.92,0.9958
113,9.04,10.00,0.9959
