0,0.00,0.96,0.9992
1,0.08,1.04,0.9994
2,0.16,1.12,0.9990
3,0.24,1.20,0.9990
4,0.32,1.28,0.9993
5,0.40,1.36,0.9991
6,0.48,1.44,0.9990
7,0.56,1.52,0.9980
8,0.64,1.60,0.9970
9,0.72,1.68,0.9875
10,0.80,1.76,0.9267
11,0.88,1.84,0.6879
12,0.96,1.92,0.2408
13,1.04,2.00,0.0399
14,1.12,2.08,0.0097
15,1.20,2.16,0.0053
16,1.28,2.24,0.0034
17,1.36,2.32,0.0020
18,1.44,2.40,0.0022
19,1.52,2.48,0.0017
20,1.60,2.56,0.0028
21,1.68,2.64,0.0031
22,1.76,2.72,0.0025
23,1.84,2.80,0.0023
24,1.92,2.88,0.0016
25,2.00,2.96,0.0014
26,2.08,3.04,0.0022
27,2.16,3.12,0.0040
28,2.24,3.20,0.0046
29,2.32,3.28,0.0043
30,2.40,3.36,0.0037
31,2.48,3.44,0.0029
32,2.56,3.52,0.0054
33,2.64,3.60,0.0074
34,2.72,3.68,0.0290
35,2.80,3.76,0.1331
36,2.88,3.84,0.3517
37,2.96,3.92,0.7734
38,3.04,4.00,0.9544
39,3.12,4.08,0.9911
40,3.20,4.16,0.9973
41,3.28,4.24,0.9993
42,3.36,4.32,0.9992
43,3.44,4.40,0.9992
44,3.52,4.48,0.9993
45,3.60,4.56,0.9993
46,3.68,4.64,0.9992
47,3.76,4.72,0.9990
48,3.84,4.80,0.9990
49,3.92,4.88,0.9991
50,4.00,4.96,0.9992
51,4.08,5.04,0.9993
52,4.16,5.12,0.9994
53,4.24,5.20,0.9995
54,4.32,5.28,0.9994
55,4.40,5.36,0.9992
56,4.48,5.44,0.9990
57,4.56,5.52,0.9990
58,4.64,5.60,0.9990
59,4.72,5.68,0.9989
60,4.80,5.76,0.9987
61,4.88,5.84,0.9983
62,4.96,5.92,0.9978
63,5.04,6.00,0.9980
64,5.12,6.08,0.9975
65,5.20,6.16,0.9974
66,5.28,6.24,0.9976
67,5.36,6.32,0.9968
68,5.44,6.40,0.9959
69,5.52,6.48,0.9915
70,5.60,6.56,0.9585
71,5.68,6.64,0.7675
72,5.76,6.72,0.3430
73,5.84,6.80,0.0627
74,5.92,6.88,0.0124
75,6.00,6.96,0.0064
76,6.08,7.04,0.0047
77,6.16,7.12,0.0044
78,6.24,7.20,0.0052
79,6.32,7.28,0.0030
80,6.40,7.36,0.0043
81,6.48,7.44,0.0045
82,6.56,7.52,0.0054
83,6.64,7.60,0.0054
84,6.72,7.68,0.0050
85,6.80,7.76,0.0043
86,6.88,7.84,0.0045
87,6.96,7.92,0.0040
88,7.04,8.00,0.0048
89,7.12,8.08,0.0030
90,7.20,8.16,0.0027
91,7.28,8.24,0.0047
92,7.36,8.32,0.0038
93,7.44,8.40,0.0035
94,7.52,8.48,0.0029
95,7.60,8.56,0.0041
96,7.68,8.64,0.0068
97,7.76,8.72,0.0222
98,7.84,8.80,0.1344
99,7.92,8.88,0.4891
100,8.00,8.96,0.9033
101,8.08,9.04,0.9863
102,8.16,9.12,0.9973
103,8.24,9.20,0.9989
104,8.32,9.28,0.9996
105,8.40,9.36,0.9997
106,8.48,9.44,0.9996
107,8.56,9.52,0.9994
108,8.64,9.60,0.9994
109,8.72,9.68,0.9995
110,8.80,9.76,0.9996
111,8.88,9.84,0.9997
112,8.96,9.92,0.9997
113,9.04,10.00,0.9994
