0,0.00,0.96,0.9994
1,0.08,1.04,0.9992
2,0.16,1.12,0.9990
3,0.24,1.20,0.9992
4,0.32,1.28,0.9994
5,0.40,1.36,0.9994
6,0.48,1.44,0.9989
7,0.56,1.52,0.9979
8,0.64,1.60,0.9956
9,0.72,1.68,0.9726
10,0.80,1.76,0.8547
11,0.88,1.84,0.3476
12,0.96,1.92,0.0716
13,1.04,2.00,0.0203
14,1.12,2.08,0.0087
15,1.20,2.16,0.0045
16,1.28,2.24,0.0033
17,1.36,2.32,0.0042
18,1.44,2.40,0.0054
19,1.52,2.48,0.0071
20,1.60,2.56,0.0094
21,1.68,2.64,0.0079
22,1.76,2.72,0.0062
23,1.84,2.80,0.0076
24,1.92,2.88,0.0077
25,2.00,2.96,0.0052
26,2.08,3.04,0.0037
27,2.16,3.12,0.0041
28,2.24,3.20,0.0038
29,2.32,3.28,0.0037
30,2.40,3.36,0.0048
31,2.48,3.44,0.0069
32,2.56,3.52,0.0168
33,2.64,3.60,0.0299
34,2.72,3.68,0.1467
35,2.80,3.76,0.5921
36,2.88,3.84,0.8821
37,2.96,3.92,0.9769
38,3.04,4.00,0.9936
39,3.12,4.08,0.9977
40,3.20,4.16,0.9990
41,3.28,4.24,0.9994
42,3.36,4.32,0.9988
43,3.44,4.40,0.9974
44,3.52,4.48,0.9905
45,3.60,4.56,0.9447
46,3.68,4.64,0.6903
47,3.76,4.72,0.2270
48,3.84,4.80,0.0674
49,3.92,4.88,0.0227
50,4.00,4.96,0.0078
51,4.08,5.04,0.0096
52,4.16,5.12,0.0238
53,4.24,5.20,0.0843
54,4.32,5.28,0.3978
55,4.40,5.36,0.8219
56,4.48,5.44,0.9696
57,4.56,5.52,0.9940
58,4.64,5.60,0.9969
59,4.72,5.68,0.9985
60,4.80,5.76,0.9987
61,4.88,5.84,0.9984
62,4.96,5.92,0.9990
63,5.04,6.00,0.9991
64,5.12,6.08,0.9991
65,5.20,6.16,0.9989
66,5.28,6.24,0.9990
67,5.36,6.32,0.9992
68,5.44,6.40,0.9990
69,5.52,6.48,0.9990
70,5.60,6.56,0.9992
71,5.68,6.64,0.9987
72,5.76,6.72,0.9987
73,5.84,6.80,0.9987
74,5.92,6.88,0.9986
75,6.00,6.96,0.9978
76,6.08,7.04,0.9954
77,6.16,7.12,0.9891
78,6.24,7.20,0.9279
79,6.32,7.28,0.6342
80,6.40,7.36,0.2649
81,6.48,7.44,0.0474
82,6.56,7.52,0.0200
83,6.64,7.60,0.0085
84,6.72,7.68,0.0087
85,6.80,7.76,0.0084
86,6.88,7.84,0.0075
87,6.96,7.92,0.0063
88,7.04,8.00,0.0048
89,7.12,8.08,0.0046
90,7.20,8.16,0.0054
91,7.28,8.24,0.0049
92,7.36,8.32,0.0042
93,7.44,8.40,0.0038
94,7.52,8.48,0.0047
95,7.60,8.56,0.0060
96,7.68,8.64,0.0046
97,7.76,8.72,0.0037
98,7.84,8.80,0.0040
99,7.92,8.88,0.0055
100,8.00,8.96,0.0066
101,8.08,9.04,0.0043
102,8.16,9.12,0.0039
103,8.24,9.20,0.0031
104,8.32,9.28,0.0038
105,8.40,9.36,0.0111
106,8.48,9.44,0.0243
107,8.56,9.52,0.0847
108,8.64,9.60,0.3803
109,8.72,9.68,0.8531
110,8.80,9.76,0.9791
111,8.88,9.84,0.9957
112,8.96,9.92,0.9987
113,9.04,10.00,0.9986
