0,0.00,0.96,0.9983
1,0.08,1.04,0.9987
2,0.16,1.12,0.9990
3,0.24,1.20,0.9993
4,0.32,1.28,0.9994
5,0.40,1.36,0.9993
6,0.48,1.44,0.9994
7,0.56,1.52,0.9995
8,0.64,1.60,0.9995
9,0.72,1.68,0.9992
10,0.80,1.76,0.9990
11,0.88,1.84,0.9989
12,0.96,1.92,0.9991
13,1.04,2.00,0.9991
14,1.12,2.08,0.9993
15,1.20,2.16,0.9995
16,1.28,2.24,0.9995
17,1.36,2.32,0.9996
18,1.44,2.40,0.9994
19,1.52,2.48,0.9994
20,1.60,2.56,0.9992
21,1.68,2.64,0.9988
22,1.76,2.72,0.9986
23,1.84,2.80,0.9984
24,1.92,2.88,0.9961
25,2.00,2.96,0.9887
26,2.08,3.04,0.9233
27,2.16,3.12,0.7102
28,2.24,3.20,0.2257
29,2.32,3.28,0.0465
30,2.40,3.36,0.0100
31,2.48,3.44,0.0068
32,2.56,3.52,0.0048
33,2.64,3.60,0.0053
34,2.72,3.68,0.0156
35,2.80,3.76,0.0680
36,2.88,3.84,0.3350
37,2.96,3.92,0.7534
38,3.04,4.00,0.9543
39,3.12,4.08,0.9912
40,3.20,4.16,0.9979
41,3.28,4.24,0.9993
42,3.36,4.32,0.9995
43,3.44,4.40,0.9996
44,3.52,4.48,0.9996
45,3.60,4.56,0.9995
46,3.68,4.64,0.9996
47,3.76,4.72,0.9997
48,3.84,4.80,0.9997
49,3.92,4.88,0.9997
50,4.00,4.96,0.9997
51,4.08,5.04,0.9996
52,4.16,5.12,0.9996
53,4.24,5.20,0.9997
54,4.32,5.28,0.9996
55,4.40,5.36,0.9996
56,4.48,5.44,0.9995
57,4.56,5.52,0.9994
58,4.64,5.60,0.9993
59,4.72,5.68,0.9993
60,4.80,5.76,0.9995
61,4.88,5.84,0.9994
62,4.96,5.92,0.9993
63,5.04,6.00,0.9991
64,5.12,6.08,0.9992
65,5.20,6.16,0.9994
66,5.28,6.24,0.9996
67,5.36,6.32,0.9995
68,5.44,6.40,0.9994
69,5.52,6.48,0.9988
70,5.60,6.56,0.9967
71,5.68,6.64,0.9838
72,5.76,6.72,0.8895
73,5.84,6.80,0.4919
74,5.92,6.88,0.1267
75,6.00,6.96,0.0255
76,6.08,7.04,0.0081
77,6.16,7.12,0.0069
78,6.24,7.20,0.0100
79,6.32,7.28,0.0063
80,6.40,7.36,0.0055
81,6.48,7.44,0.0088
82,6.56,7.52,0.0299
83,6.64,7.60,0.1799
84,6.72,7.68,0.6486
85,6.80,7.76,0.9342
86,6.88,7.84,0.9895
87,6.96,7.92,0.9967
88,7.04,8.00,0.9985
89,7.12,8.08,0.9989
90,7.20,8.16,0.9986
91,7.28,8.24,0.9983
92,7.36,8.32,0.9980
93,7.44,8.40,0.9985
94,7.52,8.48,0.9987
95,7.60,8.56,0.9990
96,7.68,8.64,0.9984
97,7.76,8.72,0.9979
98,7.84,8.80,0.9985
99,7.92,8.88,0.9973
100,8.00,8.96,0.9984
101,8.08,9.04,0.9977
102,8.16,9.12,0.9984
103,8.24,9.20,0.9982
104,8.32,9.28,0.9988
105,8.40,9.36,0.9995
106,8.48,9.44,0.9989
107,8.56,9.52,0.9991
108,8.64,9.60,0.9986
109,8.72,9.68,0.9988
110,8.80,9.76,0.9985
111,8.88,9.84,0.9972
112,8.96,9.92,0.9890
113,9.04,10.00,0.9558
