0,0.00,0.96,0.9689
1,0.08,1.04,0.9035
2,0.16,1.12,0.9509
3,0.24,1.20,0.9900
4,0.32,1.28,0.9810
5,0.40,1.36,0.9825
6,0.48,1.44,0.9853
7,0.56,1.52,0.9842
8,0.64,1.60,0.9918
9,0.72,1.68,0.9936
10,0.80,1.76,0.9940
11,0.88,1.84,0.9958
12,0.96,1.92,0.9953
13,1.04,2.00,0.9989
14,1.12,2.08,0.9985
15,1.20,2.16,0.9981
16,1.28,2.24,0.9945
17,1.36,2.32,0.9925
18,1.44,2.40,0.9957
19,1.52,2.48,0.9911
20,1.60,2.56,0.9764
21,1.68,2.64,0.9815
22,1.76,2.72,0.9908
23,1.84,2.80,0.9865
24,1.92,2.88,0.9659
25,2.00,2.96,0.7926
26,2.08,3.04,0.5911
27,2.16,3.12,0.3404
28,2.24,3.20,0.0555
29,2.32,3.28,0.0406
30,2.40,3.36,0.0308
31,2.48,3.44,0.0361
32,2.56,3.52,0.0395
33,2.64,3.60,0.0569
34,2.72,3.68,0.1010
35,2.80,3.76,0.2627
36,2.88,3.84,0.2918
37,2.96,3.92,0.4555
38,3.04,4.00,0.7400
39,3.12,4.08,0.9184
40,3.20,4.16,0.9758
41,3.28,4.24,0.9890
42,3.36,4.32,0.9951
43,3.44,4.40,0.9970
44,3.52,4.48,0.9947
45,3.60,4.56,0.9950
46,3.68,4.64,0.9919
47,3.76,4.72,0.9914
48,3.84,4.80,0.9929
49,3.92,4.88,0.9647
50,4.00,4.96,0.9918
51,4.08,5.04,0.9939
52,4.16,5.12,0.9917
53,4.24,5.20,0.9968
54,4.32,5.28,0.9956
55,4.40,5.36,0.9954
56,4.48,5.44,0.9937
57,4.56,5.52,0.9971
58,4.64,5.60,0.9963
59,4.72,5.68,0.9956
60,4.80,5.76,0.9959
61,4.88,5.84,0.9919
62,4.96,5.92,0.9690
63,5.04,6.00,0.9184
64,5.12,6.08,0.8717
65,5.20,6.16,0.5616
66,5.28,6.24,0.2323
67,5.36,6.32,0.1011
68,5.44,6.40,0.0983
69,5.52,6.48,0.0491
70,5.60,6.56,0.0349
71,5.68,6.64,0.0147
72,5.76,6.72,0.0087
73,5.84,6.80,0.0078
74,5.92,6.88,0.0089
75,6.00,6.96,0.0233
76,6.08,7.04,0.0282
77,6.16,7.12,0.0166
78,6.24,7.20,0.0118
79,6.32,7.28,0.0244
80,6.40,7.36,0.0384
81,6.48,7.44,0.0332
82,6.56,7.52,0.0236
83,6.64,7.60,0.0374
84,6.72,7.68,0.0209
85,6.80,7.76,0.0306
86,6.88,7.84,0.1345
87,6.96,7.92,0.2515
88,7.04,8.00,0.3934
89,7.12,8.08,0.7507
90,7.20,8.16,0.9001
91,7.28,8.24,0.9391
92,7.36,8.32,0.9837
93,7.44,8.40,0.9945
94,7.52,8.48,0.9944
95,7.60,8.56,0.9932
96,7.68,8.64,0.9892
97,7.76,8.72,0.9894
98,7.84,8.80,0.9872
99,7.92,8.88,0.9817
100,8.00,8.96,0.9938
101,8.08,9.04,0.9949
102,8.16,9.12,0.9959
103,8.24,9.20,0.9970
104,8.32,9.28,0.9975
105,8.40,9.36,0.9963
106,8.48,9.44,0.9963
107,8.56,9.52,0.9952
108,8.64,9.60,0.9958
109,8.72,9.68,0.9961
110,8.80,9.76,0.9947
111,8.88,9.84,0.9894
112,8.96,9.92,0.9909
113,9.04,10.00,0.9905
