0,0.50,1.46,0.0497
1,0.58,1.54,0.0473
2,0.66,1.62,0.0319
3,0.74,1.70,0.0182
4,0.82,1.78,0.0141
5,0.90,1.86,0.0083
6,0.98,1.94,0.0146
7,1.06,2.02,0.0105
8,1.14,2.10,0.0194
9,1.22,2.18,0.0156
10,1.30,2.26,0.0097
11,1.38,2.34,0.0089
12,1.46,2.42,0.0029
13,1.54,2.50,0.0039
14,1.62,2.58,0.0055
15,1.70,2.66,0.0153
16,1.78,2.74,0.0149
17,1.86,2.82,0.0967
18,1.94,2.90,0.4141
19,2.02,2.98,0.8510
20,2.10,3.06,0.9519
21,2.18,3.14,0.9891
22,2.26,3.22,0.9877
23,2.34,3.30,0.9941
24,2.42,3.38,0.9920
25,2.50,3.46,0.9830
26,2.58,3.54,0.9757
27,2.66,3.62,0.9811
28,2.74,3.70,0.9771
29,2.82,3.78,0.9848
30,2.90,3.86,0.9695
31,2.98,3.94,0.9392
32,3.06,4.02,0.9789
33,3.14,4.10,0.9890
34,3.22,4.18,0.9834
35,3.30,4.26,0.9860
36,3.38,4.34,0.9925
37,3.46,4.42,0.9939
38,3.54,4.50,0.9942
39,3.62,4.58,0.9964
40,3.70,4.66,0.9942
41,3.78,4.74,0.9940
42,3.86,4.82,0.9938
43,3.94,4.90,0.9928
44,4.02,4.98,0.9913
45,4.10,5.06,0.9920
46,4.18,5.14,0.9923
47,4.26,5.22,0.9876
48,4.34,5.30,0.9924
49,4.42,5.38,0.9881
50,4.50,5.46,0.9881
51,4.58,5.54,0.9877
52,4.66,5.62,0.9907
53,4.74,5.70,0.9761
54,4.82,5.78,0.9877
55,4.90,5.86,0.9840
56,4.98,5.94,0.9899
57,5.06,6.02,0.9771
58,5.14,6.10,0.9424
59,5.22,6.18,0.9214
60,5.30,6.26,0.6724
61,5.38,6.34,0.4464
62,5.46,6.42,0.1729
63,5.54,6.50,0.1046
64,5.62,6.58,0.1009
65,5.70,6.66,0.2434
66,5.78,6.74,0.4049
67,5.86,6.82,0.6264
68,5.94,6.90,0.8419
69,6.02,6.98,0.9540
70,6.10,7.06,0.9797
71,6.18,7.14,0.9919
72,6.26,7.22,0.9964
73,6.34,7.30,0.9935
74,6.42,7.38,0.9907
75,6.50,7.46,0.9826
76,6.58,7.54,0.9945
77,6.66,7.62,0.9950
78,6.74,7.70,0.9957
79,6.82,7.78,0.9911
80,6.90,7.86,0.9915
81,6.98,7.94,0.9936
82,7.06,8.02,0.9926
83,7.14,8.10,0.9956
84,7.22,8.18,0.9984
85,7.30,8.26,0.9966
86,7.38,8.34,0.9936
87,7.46,8.42,0.9901
88,7.54,8.50,0.9957
89,7.62,8.58,0.9971
90,7.70,8.66,0.9963
91,7.78,8.74,0.9959
92,7.86,8.82,0.9932
93,7.94,8.90,0.9955
94,8.02,8.98,0.9941
95,8.10,9.06,0.9931
96,8.18,9.14,0.9948
97,8.26,9.22,0.9940
98,8.34,9.30,0.9931
99,8.42,9.38,0.9931
100,8.50,9.46,0.9952
101,8.58,9.54,0.9977
102,8.66,9.62,0.9978
103,8.74,9.70,0.9980
104,8.82,9.78,0.9964
105,8.90,9.86,0.9894
106,8.98,9.94,0.9786
107,9.06,10.02,0.9247
108,9.14,10.10,0.5628
109,9.22,10.18,0.2113
110,9.30,10.26,0.0718
111,9.38,10.34,0.0244
112,9.46,10.42,0.0309
113,9.54,10.50,0.0288
