0,0.00,0.96,0.1325
1,0.08,1.04,0.2316
2,0.16,1.12,0.7482
3,0.24,1.20,0.8651
4,0.32,1.28,0.9452
5,0.40,1.36,0.9860
6,0.48,1.44,0.9970
7,0.56,1.52,0.9987
8,0.64,1.60,0.9961
9,0.72,1.68,0.9969
10,0.80,1.76,0.9989
11,0.88,1.84,0.9989
12,0.96,1.92,0.9971
13,1.04,2.00,0.9970
14,1.12,2.08,0.9934
15,1.20,2.16,0.9963
16,1.28,2.24,0.9934
17,1.36,2.32,0.9935
18,1.44,2.40,0.9901
19,1.52,2.48,0.9880
20,1.60,2.56,0.9947
21,1.68,2.64,0.9947
22,1.76,2.72,0.9926
23,1.84,2.80,0.9874
24,1.92,2.88,0.9729
25,2.00,2.96,0.9628
26,2.08,3.04,0.9746
27,2.16,3.12,0.9876
28,2.24,3.20,0.9856
29,2.32,3.28,0.9940
30,2.40,3.36,0.9903
31,2.48,3.44,0.9846
32,2.56,3.52,0.9499
33,2.64,3.60,0.9206
34,2.72,3.68,0.8910
35,2.80,3.76,0.4004
36,2.88,3.84,0.1271
37,2.96,3.92,0.0844
38,3.04,4.00,0.0196
39,3.12,4.08,0.0193
40,3.20,4.16,0.0373
41,3.28,4.24,0.0567
42,3.36,4.32,0.1481
43,3.44,4.40,0.5488
44,3.52,4.48,0.9085
45,3.60,4.56,0.9652
46,3.68,4.64,0.9828
47,3.76,4.72,0.9875
48,3.84,4.80,0.9945
49,3.92,4.88,0.9850
50,4.00,4.96,0.9638
51,4.08,5.04,0.8972
52,4.16,5.12,0.6269
53,4.24,5.20,0.3194
54,4.32,5.28,0.3032
55,4.40,5.36,0.1042
56,4.48,5.44,0.0395
57,4.56,5.52,0.0428
58,4.64,5.60,0.0377
59,4.72,5.68,0.0623
60,4.80,5.76,0.0522
61,4.88,5.84,0.0374
62,4.96,5.92,0.0139
63,5.04,6.00,0.0067
64,5.12,6.08,0.0034
65,5.20,6.16,0.0056
66,5.28,6.24,0.0037
67,5.36,6.32,0.0091
68,5.44,6.40,0.0104
69,5.52,6.48,0.0103
70,5.60,6.56,0.0076
71,5.68,6.64,0.0121
72,5.76,6.72,0.0093
73,5.84,6.80,0.0087
74,5.92,6.88,0.0339
75,6.00,6.96,0.1048
76,6.08,7.04,0.2777
77,6.16,7.12,0.6985
78,6.24,7.20,0.9040
79,6.32,7.28,0.9740
80,6.40,7.36,0.9831
81,6.48,7.44,0.9963
82,6.56,7.52,0.9953
83,6.64,7.60,0.9976
84,6.72,7.68,0.9968
85,6.80,7.76,0.9974
86,6.88,7.84,0.9978
87,6.96,7.92,0.9984
88,7.04,8.00,0.9968
89,7.12,8.08,0.9977
90,7.20,8.16,0.9988
91,7.28,8.24,0.9981
92,7.36,8.32,0.9976
93,7.44,8.40,0.9961
94,7.52,8.48,0.9949
95,7.60,8.56,0.9975
96,7.68,8.64,0.9939
97,7.76,8.72,0.9829
98,7.84,8.80,0.9813
99,7.92,8.88,0.9477
100,8.00,8.96,0.9098
101,8.08,9.04,0.5738
102,8.16,9.12,0.2378
103,8.24,9.20,0.0653
104,8.32,9.28,0.0358
105,8.40,9.36,0.0109
106,8.48,9.44,0.0159
107,8.56,9.52,0.0188
108,8.64,9.60,0.0179
109,8.72,9.68,0.0148
110,8.80,9.76,0.0100
111,8.88,9.84,0.0157
112,8.96,9.92,0.0092
113,9.04,10.00,0.0132
