0,0.00,0.96,0.0032
1,0.08,1.04,0.0020
2,0.16,1.12,0.0019
3,0.24,1.20,0.0024
4,0.32,1.28,0.0013
5,0.40,1.36,0.0017
6,0.48,1.44,0.0056
7,0.56,1.52,0.0273
8,0.64,1.60,0.1522
9,0.72,1.68,0.6277
10,0.80,1.76,0.9303
11,0.88,1.84,0.9891
12,0.96,1.92,0.9969
13,1.04,2.00,0.9987
14,1.12,2.08,0.9989
15,1.20,2.16,0.9993
16,1.28,2.24,0.9995
17,1.36,2.32,0.9996
18,1.44,2.40,0.9994
19,1.52,2.48,0.9992
20,1.60,2.56,0.9994
21,1.68,2.64,0.9994
22,1.76,2.72,0.9994
23,1.84,2.80,0.9992
24,1.92,2.88,0.9993
25,2.00,2.96,0.9990
26,2.08,3.04,0.9991
27,2.16,3.12,0.9994
28,2.24,3.20,0.9995
29,2.32,3.28,0.9995
30,2.40,3.36,0.9993
31,2.48,3.44,0.9993
32,2.56,3.52,0.9995
33,2.64,3.60,0.9993
34,2.72,3.68,0.9993
35,2.80,3.76,0.9994
36,2.88,3.84,0.9995
37,2.96,3.92,0.9997
38,3.04,4.00,0.9995
39,3.12,4.08,0.9993
40,3.20,4.16,0.9994
41,3.28,4.24,0.9991
42,3.36,4.32,0.9987
43,3.44,4.40,0.9973
44,3.52,4.48,0.9927
45,3.60,4.56,0.9636
46,3.68,4.64,0.7854
47,3.76,4.72,0.2832
48,3.84,4.80,0.0759
49,3.92,4.88,0.0470
50,4.00,4.96,0.0185
51,4.08,5.04,0.0102
52,4.16,5.12,0.0057
53,4.24,5.20,0.0045
54,4.32,5.28,0.0049
55,4.40,5.36,0.0077
56,4.48,5.44,0.0232
57,4.56,5.52,0.1554
58,4.64,5.60,0.6192
59,4.72,5.68,0.9158
60,4.80,5.76,0.9802
61,4.88,5.84,0.9967
62,4.96,5.92,0.9987
63,5.04,6.00,0.9987
64,5.12,6.08,0.9990
65,5.20,6.16,0.9993
66,5.28,6.24,0.9986
67,5.36,6.32,0.9984
68,5.44,6.40,0.9985
69,5.52,6.48,0.9989
70,5.60,6.56,0.9987
71,5.68,6.64,0.9985
72,5.76,6.72,0.9989
73,5.84,6.80,0.9988
74,5.92,6.88,0.9990
75,6.00,6.96,0.9987
76,6.08,7.04,0.9983
77,6.16,7.12,0.9987
78,6.24,7.20,0.9989
79,6.32,7.28,0.9991
80,6.40,7.36,0.9990
81,6.48,7.44,0.9988
82,6.56,7.52,0.9992
83,6.64,7.60,0.9987
84,6.72,7.68,0.9991
85,6.80,7.76,0.9993
86,6.88,7.84,0.9994
87,6.96,7.92,0.9992
88,7.04,8.00,0.9990
89,7.12,8.08,0.9990
90,7.20,8.16,0.9982
91,7.28,8.24,0.9959
92,7.36,8.32,0.9896
93,7.44,8.40,0.9566
94,7.52,8.48,0.7027
95,7.60,8.56,0.2733
96,7.68,8.64,0.0622
97,7.76,8.72,0.0217
98,7.84,8.80,0.0092
99,7.92,8.88,0.0071
100,8.00,8.96,0.0063
101,8.08,9.04,0.0071
102,8.16,9.12,0.0048
103,8.24,9.20,0.0061
104,8.32,9.28,0.0127
105,8.40,9.36,0.0423
106,8.48,9.44,0.2222
107,8.56,9.52,0.7114
108,8.64,9.60,0.9514
109,8.72,9.68,0.9904
110,8.80,9.76,0.9968
111,8.88,9.84,0.9989
112,8.96,9.92,0.9992
113,9.04,10.00,0.9990
