0,0.00,0.96,0.9981
1,0.08,1.04,0.9954
2,0.16,1.12,0.9784
3,0.24,1.20,0.8258
4,0.32,1.28,0.3771
5,0.40,1.36,0.0729
6,0.48,1.44,0.0172
7,0.56,1.52,0.0061
8,0.64,1.60,0.0023
9,0.72,1.68,0.0030
10,0.80,1.76,0.0030
11,0.88,1.84,0.0027
12,0.96,1.92,0.0025
13,1.04,2.00,0.0029
14,1.12,2.08,0.0024
15,1.20,2.16,0.0015
16,1.28,2.24,0.0020
17,1.36,2.32,0.0025
18,1.44,2.40,0.0025
19,1.52,2.48,0.0020
20,1.60,2.56,0.0023
21,1.68,2.64,0.0018
22,1.76,2.72,0.0016
23,1.84,2.80,0.0018
24,1.92,2.88,0.0041
25,2.00,2.96,0.0110
26,2.08,3.04,0.0468
27,2.16,3.12,0.3644
28,2.24,3.20,0.8282
29,2.32,3.28,0.9730
30,2.40,3.36,0.9938
31,2.48,3.44,0.9976
32,2.56,3.52,0.9978
33,2.64,3.60,0.9987
34,2.72,3.68,0.9989
35,2.80,3.76,0.9989
36,2.88,3.84,0.9987
37,2.96,3.92,0.9982
38,3.04,4.00,0.9922
39,3.12,4.08,0.9611
40,3.20,4.16,0.7465
41,3.28,4.24,0.3906
42,3.36,4.32,0.1035
43,3.44,4.40,0.0136
44,3.52,4.48,0.0036
45,3.60,4.56,0.0023
46,3.68,4.64,0.0020
47,3.76,4.72,0.0020
48,3.84,4.80,0.0067
49,3.92,4.88,0.0224
50,4.00,4.96,0.1157
51,4.08,5.04,0.4374
52,4.16,5.12,0.8816
53,4.24,5.20,0.9780
54,4.32,5.28,0.9947
55,4.40,5.36,0.9983
56,4.48,5.44,0.9985
57,4.56,5.52,0.9991
58,4.64,5.60,0.9992
59,4.72,5.68,0.9994
60,4.80,5.76,0.9991
61,4.88,5.84,0.9989
62,4.96,5.92,0.9985
63,5.04,6.00,0.9987
64,5.12,6.08,0.9988
65,5.20,6.16,0.9987
66,5.28,6.24,0.9985
67,5.36,6.32,0.9981
68,5.44,6.40,0.9983
69,5.52,6.48,0.9983
70,5.60,6.56,0.9982
71,5.68,6.64,0.9989
72,5.76,6.72,0.9989
73,5.84,6.80,0.9992
74,5.92,6.88,0.9991
75,6.00,6.96,0.9991
76,6.08,7.04,0.9991
77,6.16,7.12,0.9986
78,6.24,7.20,0.9991
79,6.32,7.28,0.9990
80,6.40,7.36,0.9992
81,6.48,7.44,0.9990
82,6.56,7.52,0.9989
83,6.64,7.60,0.9981
84,6.72,7.68,0.9971
85,6.80,7.76,0.9899
86,6.88,7.84,0.9463
87,6.96,7.92,0.7541
88,7.04,8.00,0.3246
89,7.12,8.08,0.0791
90,7.20,8.16,0.0139
91,7.28,8.24,0.0051
92,7.36,8.32,0.0029
93,7.44,8.40,0.0034
94,7.52,8.48,0.0036
95,7.60,8.56,0.0025
96,7.68,8.64,0.0026
97,7.76,8.72,0.0019
98,7.84,8.80,0.0021
99,7.92,8.88,0.0016
100,8.00,8.96,0.0021
101,8.08,9.04,0.0031
102,8.16,9.12,0.0096
103,8.24,9.20,0.0337
104,8.32,9.28,0.1285
105,8.40,9.36,0.5513
106,8.48,9.44,0.8658
107,8.56,9.52,0.9718
108,8.64,9.60,0.9943
109,8.72,9.68,0.9958
110,8.80,9.76,0.9958
111,8.88,9.84,0.9870
112,8.96,9.92,0.9476
113,9.04,10.00,0.7337
