0,0.00,0.96,0.9971
1,0.08,1.04,0.9944
2,0.16,1.12,0.9932
3,0.24,1.20,0.9853
4,0.32,1.28,0.9795
5,0.40,1.36,0.9913
6,0.48,1.44,0.9911
7,0.56,1.52,0.9966
8,0.64,1.60,0.9958
9,0.72,1.68,0.9953
10,0.80,1.76,0.9962
11,0.88,1.84,0.9848
12,0.96,1.92,0.9882
13,1.04,2.00,0.9891
14,1.12,2.08,0.9951
15,1.20,2.16,0.9967
16,1.28,2.24,0.9933
17,1.36,2.32,0.9963
18,1.44,2.40,0.9952
19,1.52,2.48,0.9920
20,1.60,2.56,0.9929
21,1.68,2.64,0.9922
22,1.76,2.72,0.9963
23,1.84,2.80,0.9965
24,1.92,2.88,0.9963
25,2.00,2.96,0.9973
26,2.08,3.04,0.9980
27,2.16,3.12,0.9982
28,2.24,3.20,0.9985
29,2.32,3.28,0.9971
30,2.40,3.36,0.9904
31,2.48,3.44,0.9752
32,2.56,3.52,0.8609
33,2.64,3.60,0.5416
34,2.72,3.68,0.4443
35,2.80,3.76,0.4704
36,2.88,3.84,0.4672
37,2.96,3.92,0.5912
38,3.04,4.00,0.9058
39,3.12,4.08,0.9773
40,3.20,4.16,0.9919
41,3.28,4.24,0.9948
42,3.36,4.32,0.9967
43,3.44,4.40,0.9967
44,3.52,4.48,0.9948
45,3.60,4.56,0.9948
46,3.68,4.64,0.9950
47,3.76,4.72,0.9922
48,3.84,4.80,0.9913
49,3.92,4.88,0.9872
50,4.00,4.96,0.9669
51,4.08,5.04,0.8239
52,4.16,5.12,0.5650
53,4.24,5.20,0.2285
54,4.32,5.28,0.0484
55,4.40,5.36,0.0358
56,4.48,5.44,0.0271
57,4.56,5.52,0.0777
58,4.64,5.60,0.1101
59,4.72,5.68,0.1052
60,4.80,5.76,0.0838
61,4.88,5.84,0.0758
62,4.96,5.92,0.0557
63,5.04,6.00,0.0479
64,5.12,6.08,0.1009
65,5.20,6.16,0.3381
66,5.28,6.24,0.4764
67,5.36,6.32,0.7845
68,5.44,6.40,0.9265
69,5.52,6.48,0.9674
70,5.60,6.56,0.9745
71,5.68,6.64,0.9784
72,5.76,6.72,0.9924
73,5.84,6.80,0.9945
74,5.92,6.88,0.9925
75,6.00,6.96,0.9924
76,6.08,7.04,0.9924
77,6.16,7.12,0.9892
78,6.24,7.20,0.9857
79,6.32,7.28,0.9923
80,6.40,7.36,0.9908
81,6.48,7.44,0.9853
82,6.56,7.52,0.9871
83,6.64,7.60,0.9892
84,6.72,7.68,0.9748
85,6.80,7.76,0.9800
86,6.88,7.84,0.9893
87,6.96,7.92,0.9920
88,7.04,8.00,0.9973
89,7.12,8.08,0.9982
90,7.20,8.16,0.9988
91,7.28,8.24,0.9996
92,7.36,8.32,0.9995
93,7.44,8.40,0.9992
94,7.52,8.48,0.9992
95,7.60,8.56,0.9984
96,7.68,8.64,0.9979
97,7.76,8.72,0.9964
98,7.84,8.80,0.9966
99,7.92,8.88,0.9943
100,8.00,8.96,0.9892
101,8.08,9.04,0.9840
102,8.16,9.12,0.9546
103,8.24,9.20,0.6941
104,8.32,9.28,0.2386
105,8.40,9.36,0.0539
106,8.48,9.44,0.0151
107,8.56,9.52,0.0118
108,8.64,9.60,0.0141
109,8.72,9.68,0.0448
110,8.80,9.76,0.1662
111,8.88,9.84,0.5534
112,8.96,9.92,0.8635
113,9.04,10.00,0.9600
