0,0.00,0.96,0.0048
1,0.08,1.04,0.0056
2,0.16,1.12,0.0058
3,0.24,1.20,0.0059
4,0.32,1.28,0.0041
5,0.40,1.36,0.0035
6,0.48,1.44,0.0037
7,0.56,1.52,0.0031
8,0.64,1.60,0.0030
9,0.72,1.68,0.0034
10,0.80,1.76,0.0031
11,0.88,1.84,0.0034
12,0.96,1.92,0.0050
13,1.04,2.00,0.0044
14,1.12,2.08,0.0056
15,1.20,2.16,0.0058
16,1.28,2.24,0.0037
17,1.36,2.32,0.0028
18,1.44,2.40,0.0026
19,1.52,2.48,0.0033
20,1.60,2.56,0.0083
21,1.68,2.64,0.0405
22,1.76,2.72,0.2672
23,1.84,2.80,0.7471
24,1.92,2.88,0.9503
25,2.00,2.96,0.9847
26,2.08,3.04,0.9960
27,2.16,3.12,0.9982
28,2.24,3.20,0.9988
29,2.32,3.28,0.9993
30,2.40,3.36,0.9995
31,2.48,3.44,0.9995
32,2.56,3.52,0.9993
33,2.64,3.60,0.9991
34,2.72,3.68,0.9991
35,2.80,3.76,0.9989
36,2.88,3.84,0.9990
37,2.96,3.92,0.9991
38,3.04,4.00,0.9988
39,3.12,4.08,0.9992
40,3.20,4.16,0.9991
41,3.28,4.24,0.9987
42,3.36,4.32,0.9987
43,3.44,4.40,0.9989
44,3.52,4.48,0.9991
45,3.60,4.56,0.9990
46,3.68,4.64,0.9992
47,3.76,4.72,0.9992
48,3.84,4.80,0.9989
49,3.92,4.88,0.9985
50,4.00,4.96,0.9989
51,4.08,5.04,0.9992
52,4.16,5.12,0.9992
53,4.24,5.20,0.9994
54,4.32,5.28,0.9995
55,4.40,5.36,0.9995
56,4.48,5.44,0.9993
57,4.56,5.52,0.9995
58,4.64,5.60,0.9995
59,4.72,5.68,0.9992
60,4.80,5.76,0.9982
61,4.88,5.84,0.9946
62,4.96,5.92,0.9590
63,5.04,6.00,0.8022
64,5.12,6.08,0.2907
65,5.20,6.16,0.0658
66,5.28,6.24,0.0139
67,5.36,6.32,0.0051
68,5.44,6.40,0.0028
69,5.52,6.48,0.0032
70,5.60,6.56,0.0105
71,5.68,6.64,0.0445
72,5.76,6.72,0.1968
73,5.84,6.80,0.6185
74,5.92,6.88,0.9352
75,6.00,6.96,0.9910
76,6.08,7.04,0.9970
77,6.16,7.12,0.9987
78,6.24,7.20,0.9986
79,6.32,7.28,0.9991
80,6.40,7.36,0.9994
81,6.48,7.44,0.9994
82,6.56,7.52,0.9989
83,6.64,7.60,0.9991
84,6.72,7.68,0.9988
85,6.80,7.76,0.9987
86,6.88,7.84,0.9989
87,6.96,7.92,0.9990
88,7.04,8.00,0.9985
89,7.12,8.08,0.9964
90,7.20,8.16,0.9884
91,7.28,8.24,0.9348
92,7.36,8.32,0.6061
93,7.44,8.40,0.1673
94,7.52,8.48,0.0373
95,7.60,8.56,0.0100
96,7.68,8.64,0.0041
97,7.76,8.72,0.0076
98,7.84,8.80,0.0125
99,7.92,8.88,0.0665
100,8.00,8.96,0.3435
101,8.08,9.04,0.8317
102,8.16,9.12,0.9760
103,8.24,9.20,0.9959
104,8.32,9.28,0.9980
105,8.40,9.36,0.9989
106,8.48,9.44,0.9991
107,8.56,9.52,0.9986
108,8.64,9.60,0.9992
109,8.72,9.68,0.9988
110,8.80,9.76,0.9990
111,8.88,9.84,0.9991
112,8.96,9.92,0.9991
113,9.04,10.00,0.9990
