0,0.00,0.96,0.9776
1,0.08,1.04,0.9816
2,0.16,1.12,0.9829
3,0.24,1.20,0.9844
4,0.32,1.28,0.9837
5,0.40,1.36,0.9331
6,0.48,1.44,0.7376
7,0.56,1.52,0.2620
8,0.64,1.60,0.1483
9,0.72,1.68,0.0606
10,0.80,1.76,0.0335
11,0.88,1.84,0.0098
12,0.96,1.92,0.0209
13,1.04,2.00,0.0144
14,1.12,2.08,0.0162
15,1.20,2.16,0.0244
16,1.28,2.24,0.0143
17,1.36,2.32,0.0114
18,1.44,2.40,0.0135
19,1.52,2.48,0.0536
20,1.60,2.56,0.0491
21,1.68,2.64,0.0825
22,1.76,2.72,0.1035
23,1.84,2.80,0.0863
24,1.92,2.88,0.0402
25,2.00,2.96,0.0552
26,2.08,3.04,0.0219
27,2.16,3.12,0.0438
28,2.24,3.20,0.0399
29,2.32,3.28,0.0097
30,2.40,3.36,0.0095
31,2.48,3.44,0.0179
32,2.56,3.52,0.0276
33,2.64,3.60,0.0935
34,2.72,3.68,0.1862
35,2.80,3.76,0.3536
36,2.88,3.84,0.7308
37,2.96,3.92,0.9211
38,3.04,4.00,0.9674
39,3.12,4.08,0.9911
40,3.20,4.16,0.9897
41,3.28,4.24,0.9921
42,3.36,4.32,0.9925
43,3.44,4.40,0.9845
44,3.52,4.48,0.9754
45,3.60,4.56,0.9809
46,3.68,4.64,0.9939
47,3.76,4.72,0.9952
48,3.84,4.80,0.9883
49,3.92,4.88,0.9546
50,4.00,4.96,0.9776
51,4.08,5.04,0.9814
52,4.16,5.12,0.9911
53,4.24,5.20,0.9866
54,4.32,5.28,0.9873
55,4.40,5.36,0.9860
56,4.48,5.44,0.9557
57,4.56,5.52,0.8348
58,4.64,5.60,0.5589
59,4.72,5.68,0.2866
60,4.80,5.76,0.0995
61,4.88,5.84,0.0636
62,4.96,5.92,0.0271
63,5.04,6.00,0.0111
64,5.12,6.08,0.0302
65,5.20,6.16,0.0241
66,5.28,6.24,0.0285
67,5.36,6.32,0.0639
68,5.44,6.40,0.1934
69,5.52,6.48,0.4564
70,5.60,6.56,0.7921
71,5.68,6.64,0.9364
72,5.76,6.72,0.9790
73,5.84,6.80,0.9672
74,5.92,6.88,0.9921
75,6.00,6.96,0.9922
76,6.08,7.04,0.9942
77,6.16,7.12,0.9884
78,6.24,7.20,0.9869
79,6.32,7.28,0.9840
80,6.40,7.36,0.9933
81,6.48,7.44,0.9910
82,6.56,7.52,0.9940
83,6.64,7.60,0.9916
84,6.72,7.68,0.9899
85,6.80,7.76,0.9895
86,6.88,7.84,0.9947
87,6.96,7.92,0.9861
88,7.04,8.00,0.9741
89,7.12,8.08,0.9237
90,7.20,8.16,0.8241
91,7.28,8.24,0.5993
92,7.36,8.32,0.2020
93,7.44,8.40,0.0615
94,7.52,8.48,0.0100
95,7.60,8.56,0.0037
96,7.68,8.64,0.0055
97,7.76,8.72,0.0065
98,7.84,8.80,0.0080
99,7.92,8.88,0.0058
100,8.00,8.96,0.0034
101,8.08,9.04,0.0028
102,8.16,9.12,0.0041
103,8.24,9.20,0.0104
104,8.32,9.28,0.0324
105,8.40,9.36,0.1076
106,8.48,9.44,0.2254
107,8.56,9.52,0.5685
108,8.64,9.60,0.8332
109,8.72,9.68,0.9446
110,8.80,9.76,0.9920
111,8.88,9.84,0.9879
112,8.96,9.92,0.9898
113,9.04,10.00,0.9949
