0,0.00,0.96,0.9967
1,0.08,1.04,0.9905
2,0.16,1.12,0.9301
3,0.24,1.20,0.6052
4,0.32,1.28,0.1712
5,0.40,1.36,0.0298
6,0.48,1.44,0.0066
7,0.56,1.52,0.0020
8,0.64,1.60,0.0012
9,0.72,1.68,0.0013
10,0.80,1.76,0.0016
11,0.88,1.84,0.0016
12,0.96,1.92,0.0025
13,1.04,2.00,0.0053
14,1.12,2.08,0.0268
15,1.20,2.16,0.1346
16,1.28,2.24,0.5898
17,1.36,2.32,0.9213
18,1.44,2.40,0.9808
19,1.52,2.48,0.9953
20,1.60,2.56,0.9974
21,1.68,2.64,0.9984
22,1.76,2.72,0.9984
23,1.84,2.80,0.9986
24,1.92,2.88,0.9982
25,2.00,2.96,0.9984
26,2.08,3.04,0.9988
27,2.16,3.12,0.9991
28,2.24,3.20,0.9989
29,2.32,3.28,0.9989
30,2.40,3.36,0.9990
31,2.48,3.44,0.9993
32,2.56,3.52,0.9989
33,2.64,3.60,0.9987
34,2.72,3.68,0.9994
35,2.80,3.76,0.9993
36,2.88,3.84,0.9988
37,2.96,3.92,0.9987
38,3.04,4.00,0.9976
39,3.12,4.08,0.9981
40,3.20,4.16,0.9986
41,3.28,4.24,0.9984
42,3.36,4.32,0.9984
43,3.44,4.40,0.9988
44,3.52,4.48,0.9983
45,3.60,4.56,0.9979
46,3.68,4.64,0.9981
47,3.76,4.72,0.9980
48,3.84,4.80,0.9981
49,3.92,4.88,0.9978
50,4.00,4.96,0.9982
51,4.08,5.04,0.9984
52,4.16,5.12,0.9987
53,4.24,5.20,0.9988
54,4.32,5.28,0.9987
55,4.40,5.36,0.9966
56,4.48,5.44,0.9916
57,4.56,5.52,0.9575
58,4.64,5.60,0.7619
59,4.72,5.68,0.3540
60,4.80,5.76,0.0640
61,4.88,5.84,0.0211
62,4.96,5.92,0.0107
63,5.04,6.00,0.0071
64,5.12,6.08,0.0044
65,5.20,6.16,0.0025
66,5.28,6.24,0.0034
67,5.36,6.32,0.0035
68,5.44,6.40,0.0029
69,5.52,6.48,0.0040
70,5.60,6.56,0.0032
71,5.68,6.64,0.0030
72,5.76,6.72,0.0047
73,5.84,6.80,0.0074
74,5.92,6.88,0.0263
75,6.00,6.96,0.1710
76,6.08,7.04,0.6160
77,6.16,7.12,0.9426
78,6.24,7.20,0.9919
79,6.32,7.28,0.9977
80,6.40,7.36,0.9981
81,6.48,7.44,0.9984
82,6.56,7.52,0.9989
83,6.64,7.60,0.9984
84,6.72,7.68,0.9984
85,6.80,7.76,0.9987
86,6.88,7.84,0.9991
87,6.96,7.92,0.9990
88,7.04,8.00,0.9988
89,7.12,8.08,0.9988
90,7.20,8.16,0.9990
91,7.28,8.24,0.9989
92,7.36,8.32,0.9992
93,7.44,8.40,0.9990
94,7.52,8.48,0.9990
95,7.60,8.56,0.9991
96,7.68,8.64,0.9990
97,7.76,8.72,0.9992
98,7.84,8.80,0.9992
99,7.92,8.88,0.9993
100,8.00,8.96,0.9993
101,8.08,9.04,0.9993
102,8.16,9.12,0.9991
103,8.24,9.20,0.9990
104,8.32,9.28,0.9992
105,8.40,9.36,0.9993
106,8.48,9.44,0.9991
107,8.56,9.52,0.9991
108,8.64,9.60,0.9984
109,8.72,9.68,0.9980
110,8.80,9.76,0.9975
111,8.88,9.84,0.9931
112,8.96,9.92,0.9698
113,9.04,10.00,0.6979
