0,0.00,0.96,0.0066
1,0.08,1.04,0.0057
2,0.16,1.12,0.0076
3,0.24,1.20,0.0172
4,0.32,1.28,0.0804
5,0.40,1.36,0.0758
6,0.48,1.44,0.2383
7,0.56,1.52,0.4260
8,0.64,1.60,0.8503
9,0.72,1.68,0.9293
10,0.80,1.76,0.9659
11,0.88,1.84,0.9788
12,0.96,1.92,0.9860
13,1.04,2.00,0.9901
14,1.12,2.08,0.9927
15,1.20,2.16,0.9927
16,1.28,2.24,0.9864
17,1.36,2.32,0.9915
18,1.44,2.40,0.9916
19,1.52,2.48,0.9954
20,1.60,2.56,0.9929
21,1.68,2.64,0.9849
22,1.76,2.72,0.9868
23,1.84,2.80,0.9937
24,1.92,2.88,0.9941
25,2.00,2.96,0.9932
26,2.08,3.04,0.9897
27,2.16,3.12,0.9959
28,2.24,3.20,0.9925
29,2.32,3.28,0.9895
30,2.40,3.36,0.9926
31,2.48,3.44,0.9824
32,2.56,3.52,0.9920
33,2.64,3.60,0.9942
34,2.72,3.68,0.9961
35,2.80,3.76,0.9966
36,2.88,3.84,0.9958
37,2.96,3.92,0.9922
38,3.04,4.00,0.9919
39,3.12,4.08,0.9874
40,3.20,4.16,0.9910
41,3.28,4.24,0.9930
42,3.36,4.32,0.9943
43,3.44,4.40,0.9867
44,3.52,4.48,0.9672
45,3.60,4.56,0.8309
46,3.68,4.64,0.4348
47,3.76,4.72,0.1915
48,3.84,4.80,0.0593
49,3.92,4.88,0.0341
50,4.00,4.96,0.0144
51,4.08,5.04,0.0093
52,4.16,5.12,0.0142
53,4.24,5.20,0.0223
54,4.32,5.28,0.0133
55,4.40,5.36,0.0192
56,4.48,5.44,0.0146
57,4.56,5.52,0.0152
58,4.64,5.60,0.0303
59,4.72,5.68,0.0393
60,4.80,5.76,0.0481
61,4.88,5.84,0.0926
62,4.96,5.92,0.0486
63,5.04,6.00,0.0250
64,5.12,6.08,0.0166
65,5.20,6.16,0.0162
66,5.28,6.24,0.0077
67,5.36,6.32,0.0180
68,5.44,6.40,0.0490
69,5.52,6.48,0.2676
70,5.60,6.56,0.6780
71,5.68,6.64,0.8711
72,5.76,6.72,0.9692
73,5.84,6.80,0.9903
74,5.92,6.88,0.9904
75,6.00,6.96,0.9898
76,6.08,7.04,0.9731
77,6.16,7.12,0.9657
78,6.24,7.20,0.9645
79,6.32,7.28,0.9751
80,6.40,7.36,0.9698
81,6.48,7.44,0.9712
82,6.56,7.52,0.9615
83,6.64,7.60,0.9736
84,6.72,7.68,0.9789
85,6.80,7.76,0.9742
86,6.88,7.84,0.9422
87,6.96,7.92,0.7029
88,7.04,8.00,0.3362
89,7.12,8.08,0.1089
90,7.20,8.16,0.0342
91,7.28,8.24,0.0174
92,7.36,8.32,0.0230
93,7.44,8.40,0.0266
94,7.52,8.48,0.0148
95,7.60,8.56,0.0210
96,7.68,8.64,0.0272
97,7.76,8.72,0.0170
98,7.84,8.80,0.0254
99,7.92,8.88,0.0218
100,8.00,8.96,0.0107
101,8.08,9.04,0.0145
102,8.16,9.12,0.0166
103,8.24,9.20,0.0152
104,8.32,9.28,0.0176
105,8.40,9.36,0.0197
106,8.48,9.44,0.0615
107,8.56,9.52,0.1711
108,8.64,9.60,0.4795
109,8.72,9.68,0.8263
110,8.80,9.76,0.9107
111,8.88,9.84,0.9547
112,8.96,9.92,0.9450
113,9.04,10.00,0.9780
