0,0.00,0.96,0.0465
1,0.08,1.04,0.0279
2,0.16,1.12,0.0302
3,0.24,1.20,0.0464
4,0.32,1.28,0.0810
5,0.40,1.36,0.0611
6,0.48,1.44,0.1077
7,0.56,1.52,0.0666
8,0.64,1.60,0.0836
9,0.72,1.68,0.0400
10,0.80,1.76,0.0411
11,0.88,1.84,0.0115
12,0.96,1.92,0.0073
13,1.04,2.00,0.0108
14,1.12,2.08,0.0064
15,1.20,2.16,0.0095
16,1.28,2.24,0.0164
17,1.36,2.32,0.0131
18,1.44,2.40,0.0098
19,1.52,2.48,0.0132
20,1.60,2.56,0.0205
21,1.68,2.64,0.0702
22,1.76,2.72,0.2745
23,1.84,2.80,0.6211
24,1.92,2.88,0.9436
25,2.00,2.96,0.9717
26,2.08,3.04,0.9932
27,2.16,3.12,0.9916
28,2.24,3.20,0.9928
29,2.32,3.28,0.9960
30,2.40,3.36,0.9974
31,2.48,3.44,0.9961
32,2.56,3.52,0.9966
33,2.64,3.60,0.9968
34,2.72,3.68,0.9952
35,2.80,3.76,0.9961
36,2.88,3.84,0.9982
37,2.96,3.92,0.9981
38,3.04,4.00,0.9981
39,3.12,4.08,0.9982
40,3.20,4.16,0.9941
41,3.28,4.24,0.9914
42,3.36,4.32,0.9628
43,3.44,4.40,0.8520
44,3.52,4.48,0.8045
45,3.60,4.56,0.4194
46,3.68,4.64,0.1112
47,3.76,4.72,0.0743
48,3.84,4.80,0.0240
49,3.92,4.88,0.0148
50,4.00,4.96,0.0263
51,4.08,5.04,0.0247
52,4.16,5.12,0.0121
53,4.24,5.20,0.0240
54,4.32,5.28,0.0403
55,4.40,5.36,0.2137
56,4.48,5.44,0.4151
57,4.56,5.52,0.8336
58,4.64,5.60,0.9769
59,4.72,5.68,0.9856
60,4.80,5.76,0.9918
61,4.88,5.84,0.9952
62,4.96,5.92,0.9930
63,5.04,6.00,0.9939
64,5.12,6.08,0.9930
65,5.20,6.16,0.9921
66,5.28,6.24,0.9925
67,5.36,6.32,0.9928
68,5.44,6.40,0.9934
69,5.52,6.48,0.9911
70,5.60,6.56,0.9890
71,5.68,6.64,0.9893
72,5.76,6.72,0.9900
73,5.84,6.80,0.9885
74,5.92,6.88,0.9911
75,6.00,6.96,0.9799
76,6.08,7.04,0.9770
77,6.16,7.12,0.9792
78,6.24,7.20,0.9750
79,6.32,7.28,0.9910
80,6.40,7.36,0.9915
81,6.48,7.44,0.9925
82,6.56,7.52,0.9907
83,6.64,7.60,0.9911
84,6.72,7.68,0.9849
85,6.80,7.76,0.9859
86,6.88,7.84,0.9809
87,6.96,7.92,0.9822
88,7.04,8.00,0.9511
89,7.12,8.08,0.9439
90,7.20,8.16,0.9811
91,7.28,8.24,0.9895
92,7.36,8.32,0.9948
93,7.44,8.40,0.9972
94,7.52,8.48,0.9975
95,7.60,8.56,0.9962
96,7.68,8.64,0.9918
97,7.76,8.72,0.9927
98,7.84,8.80,0.9827
99,7.92,8.88,0.9817
100,8.00,8.96,0.8900
101,8.08,9.04,0.7934
102,8.16,9.12,0.3899
103,8.24,9.20,0.2393
104,8.32,9.28,0.1983
105,8.40,9.36,0.0643
106,8.48,9.44,0.0370
107,8.56,9.52,0.0195
108,8.64,9.60,0.0106
109,8.72,9.68,0.0160
110,8.80,9.76,0.0148
111,8.88,9.84,0.0156
112,8.96,9.92,0.0207
113,9.04,10.00,0.0083
