0,0.00,0.96,0.9419
1,0.08,1.04,0.9404
2,0.16,1.12,0.9608
3,0.24,1.20,0.9538
4,0.32,1.28,0.9640
5,0.40,1.36,0.9724
6,0.48,1.44,0.9713
7,0.56,1.52,0.9769
8,0.64,1.60,0.9805
9,0.72,1.68,0.9614
10,0.80,1.76,0.8850
11,0.88,1.84,0.6777
12,0.96,1.92,0.3521
13,1.04,2.00,0.0603
14,1.12,2.08,0.0313
15,1.20,2.16,0.0134
16,1.28,2.24,0.0188
17,1.36,2.32,0.0218
18,1.44,2.40,0.0356
19,1.52,2.48,0.0192
20,1.60,2.56,0.0169
21,1.68,2.64,0.0130
22,1.76,2.72,0.0202
23,1.84,2.80,0.1117
24,1.92,2.88,0.4969
25,2.00,2.96,0.6856
26,2.08,3.04,0.8797
27,2.16,3.12,0.9608
28,2.24,3.20,0.9876
29,2.32,3.28,0.9818
30,2.40,3.36,0.9719
31,2.48,3.44,0.9833
32,2.56,3.52,0.9624
33,2.64,3.60,0.9546
34,2.72,3.68,0.9409
35,2.80,3.76,0.8970
36,2.88,3.84,0.7133
37,2.96,3.92,0.3528
38,3.04,4.00,0.1845
39,3.12,4.08,0.0748
40,3.20,4.16,0.0246
41,3.28,4.24,0.0167
42,3.36,4.32,0.0176
43,3.44,4.40,0.0385
44,3.52,4.48,0.0472
45,3.60,4.56,0.0671
46,3.68,4.64,0.0389
47,3.76,4.72,0.0259
48,3.84,4.80,0.0213
49,3.92,4.88,0.0191
50,4.00,4.96,0.0116
51,4.08,5.04,0.0228
52,4.16,5.12,0.0325
53,4.24,5.20,0.0248
54,4.32,5.28,0.0311
55,4.40,5.36,0.0310
56,4.48,5.44,0.0442
57,4.56,5.52,0.0307
58,4.64,5.60,0.0616
59,4.72,5.68,0.1704
60,4.80,5.76,0.5334
61,4.88,5.84,0.7789
62,4.96,5.92,0.8079
63,5.04,6.00,0.9046
64,5.12,6.08,0.9622
65,5.20,6.16,0.9796
66,5.28,6.24,0.9931
67,5.36,6.32,0.9948
68,5.44,6.40,0.9947
69,5.52,6.48,0.9943
70,5.60,6.56,0.9965
71,5.68,6.64,0.9946
72,5.76,6.72,0.9939
73,5.84,6.80,0.9895
74,5.92,6.88,0.9951
75,6.00,6.96,0.9956
76,6.08,7.04,0.9932
77,6.16,7.12,0.9928
78,6.24,7.20,0.9944
79,6.32,7.28,0.9934
80,6.40,7.36,0.9914
81,6.48,7.44,0.9887
82,6.56,7.52,0.9912
83,6.64,7.60,0.9897
84,6.72,7.68,0.9849
85,6.80,7.76,0.9557
86,6.88,7.84,0.9148
87,6.96,7.92,0.7649
88,7.04,8.00,0.4299
89,7.12,8.08,0.1836
90,7.20,8.16,0.0911
91,7.28,8.24,0.0522
92,7.36,8.32,0.0369
93,7.44,8.40,0.0242
94,7.52,8.48,0.0199
95,7.60,8.56,0.0195
96,7.68,8.64,0.0375
97,7.76,8.72,0.1301
98,7.84,8.80,0.3221
99,7.92,8.88,0.7185
100,8.00,8.96,0.8726
101,8.08,9.04,0.9128
102,8.16,9.12,0.9762
103,8.24,9.20,0.9814
104,8.32,9.28,0.9785
105,8.40,9.36,0.9713
106,8.48,9.44,0.9822
107,8.56,9.52,0.9923
108,8.64,9.60,0.9908
109,8.72,9.68,0.9904
110,8.80,9.76,0.9946
111,8.88,9.84,0.9865
112,8.96,9.92,0.9953
113,9.04,10.00,0.9984
