0,0.00,0.96,0.6327
1,0.08,1.04,0.9131
2,0.16,1.12,0.9815
3,0.24,1.20,0.9890
4,0.32,1.28,0.9913
5,0.40,1.36,0.9934
6,0.48,1.44,0.9943
7,0.56,1.52,0.9955
8,0.64,1.60,0.9963
9,0.72,1.68,0.9932
10,0.80,1.76,0.9957
11,0.88,1.84,0.9973
12,0.96,1.92,0.9970
13,1.04,2.00,0.9928
14,1.12,2.08,0.9924
15,1.20,2.16,0.9932
16,1.28,2.24,0.9882
17,1.36,2.32,0.9873
18,1.44,2.40,0.9769
19,1.52,2.48,0.9819
20,1.60,2.56,0.9731
21,1.68,2.64,0.8694
22,1.76,2.72,0.7296
23,1.84,2.80,0.4133
24,1.92,2.88,0.1950
25,2.00,2.96,0.0580
26,2.08,3.04,0.0181
27,2.16,3.12,0.0086
28,2.24,3.20,0.0066
29,2.32,3.28,0.0079
30,2.40,3.36,0.0099
31,2.48,3.44,0.0101
32,2.56,3.52,0.0092
33,2.64,3.60,0.0088
34,2.72,3.68,0.0327
35,2.80,3.76,0.0200
36,2.88,3.84,0.0149
37,2.96,3.92,0.0704
38,3.04,4.00,0.0646
39,3.12,4.08,0.0263
40,3.20,4.16,0.0358
41,3.28,4.24,0.0202
42,3.36,4.32,0.0299
43,3.44,4.40,0.0243
44,3.52,4.48,0.0184
45,3.60,4.56,0.0385
46,3.68,4.64,0.0427
47,3.76,4.72,0.0608
48,3.84,4.80,0.0813
49,3.92,4.88,0.1027
50,4.00,4.96,0.2797
51,4.08,5.04,0.6929
52,4.16,5.12,0.8906
53,4.24,5.20,0.9844
54,4.32,5.28,0.9953
55,4.40,5.36,0.9973
56,4.48,5.44,0.9979
57,4.56,5.52,0.9977
58,4.64,5.60,0.9949
59,4.72,5.68,0.9943
60,4.80,5.76,0.9946
61,4.88,5.84,0.9931
62,4.96,5.92,0.9941
63,5.04,6.00,0.9940
64,5.12,6.08,0.9957
65,5.20,6.16,0.9965
66,5.28,6.24,0.9963
67,5.36,6.32,0.9920
68,5.44,6.40,0.9967
69,5.52,6.48,0.9959
70,5.60,6.56,0.9952
71,5.68,6.64,0.9939
72,5.76,6.72,0.9921
73,5.84,6.80,0.9963
74,5.92,6.88,0.9978
75,6.00,6.96,0.9978
76,6.08,7.04,0.9971
77,6.16,7.12,0.9974
78,6.24,7.20,0.9969
79,6.32,7.28,0.9960
80,6.40,7.36,0.9960
81,6.48,7.44,0.9927
82,6.56,7.52,0.9874
83,6.64,7.60,0.9678
84,6.72,7.68,0.9104
85,6.80,7.76,0.6178
86,6.88,7.84,0.3973
87,6.96,7.92,0.1661
88,7.04,8.00,0.1380
89,7.12,8.08,0.2179
90,7.20,8.16,0.3913
91,7.28,8.24,0.8395
92,7.36,8.32,0.9244
93,7.44,8.40,0.9624
94,7.52,8.48,0.9899
95,7.60,8.56,0.9897
96,7.68,8.64,0.9899
97,7.76,8.72,0.9848
98,7.84,8.80,0.9912
99,7.92,8.88,0.9944
100,8.00,8.96,0.9959
101,8.08,9.04,0.9965
102,8.16,9.12,0.9961
103,8.24,9.20,0.9943
104,8.32,9.28,0.9913
105,8.40,9.36,0.9955
106,8.48,9.44,0.9966
107,8.56,9.52,0.9945
108,8.64,9.60,0.9943
109,8.72,9.68,0.9932
110,8.80,9.76,0.9882
111,8.88,9.84,0.9902
112,8.96,9.92,0.9889
113,9.04,10.00,0.9840
