0,0.00,0.96,0.0161
1,0.08,1.04,0.0180
2,0.16,1.12,0.0140
3,0.24,1.20,0.0062
4,0.32,1.28,0.0128
5,0.40,1.36,0.0067
6,0.48,1.44,0.0128
7,0.56,1.52,0.0443
8,0.64,1.60,0.1954
9,0.72,1.68,0.4649
10,0.80,1.76,0.6436
11,0.88,1.84,0.8496
12,0.96,1.92,0.9284
13,1.04,2.00,0.9531
14,1.12,2.08,0.9820
15,1.20,2.16,0.9739
16,1.28,2.24,0.9825
17,1.36,2.32,0.9865
18,1.44,2.40,0.9925
19,1.52,2.48,0.9921
20,1.60,2.56,0.9947
21,1.68,2.64,0.9939
22,1.76,2.72,0.9949
23,1.84,2.80,0.9889
24,1.92,2.88,0.9649
25,2.00,2.96,0.9786
26,2.08,3.04,0.9860
27,2.16,3.12,0.9903
28,2.24,3.20,0.9881
29,2.32,3.28,0.9937
30,2.40,3.36,0.9867
31,2.48,3.44,0.9748
32,2.56,3.52,0.9372
33,2.64,3.60,0.8823
34,2.72,3.68,0.5383
35,2.80,3.76,0.1613
36,2.88,3.84,0.0303
37,2.96,3.92,0.0360
38,3.04,4.00,0.0302
39,3.12,4.08,0.0315
40,3.20,4.16,0.1135
41,3.28,4.24,0.0912
42,3.36,4.32,0.0365
43,3.44,4.40,0.0287
44,3.52,4.48,0.0164
45,3.60,4.56,0.0137
46,3.68,4.64,0.0119
47,3.76,4.72,0.0109
48,3.84,4.80,0.0093
49,3.92,4.88,0.0508
50,4.00,4.96,0.1626
51,4.08,5.04,0.4078
52,4.16,5.12,0.8152
53,4.24,5.20,0.9539
54,4.32,5.28,0.9850
55,4.40,5.36,0.9943
56,4.48,5.44,0.9958
57,4.56,5.52,0.9969
58,4.64,5.60,0.9975
59,4.72,5.68,0.9971
60,4.80,5.76,0.9962
61,4.88,5.84,0.9979
62,4.96,5.92,0.9967
63,5.04,6.00,0.9968
64,5.12,6.08,0.9966
65,5.20,6.16,0.9925
66,5.28,6.24,0.9761
67,5.36,6.32,0.9230
68,5.44,6.40,0.7192
69,5.52,6.48,0.2408
70,5.60,6.56,0.0657
71,5.68,6.64,0.0307
72,5.76,6.72,0.0296
73,5.84,6.80,0.0253
74,5.92,6.88,0.0061
75,6.00,6.96,0.0101
76,6.08,7.04,0.0086
77,6.16,7.12,0.0123
78,6.24,7.20,0.0130
79,6.32,7.28,0.0126
80,6.40,7.36,0.0127
81,6.48,7.44,0.0134
82,6.56,7.52,0.0265
83,6.64,7.60,0.0240
84,6.72,7.68,0.0373
85,6.80,7.76,0.0492
86,6.88,7.84,0.0543
87,6.96,7.92,0.0188
88,7.04,8.00,0.0311
89,7.12,8.08,0.0223
90,7.20,8.16,0.0296
91,7.28,8.24,0.0168
92,7.36,8.32,0.0096
93,7.44,8.40,0.0274
94,7.52,8.48,0.0168
95,7.60,8.56,0.0379
96,7.68,8.64,0.0652
97,7.76,8.72,0.1227
98,7.84,8.80,0.3269
99,7.92,8.88,0.5237
100,8.00,8.96,0.8368
101,8.08,9.04,0.9194
102,8.16,9.12,0.9649
103,8.24,9.20,0.9885
104,8.32,9.28,0.9921
105,8.40,9.36,0.9847
106,8.48,9.44,0.9913
107,8.56,9.52,0.9916
108,8.64,9.60,0.9895
109,8.72,9.68,0.9932
110,8.80,9.76,0.9926
111,8.88,9.84,0.9873
112,8.96,9.92,0.9953
113,9.04,10.00,0.9949
