0,0.00,0.96,0.9993
1,0.08,1.04,0.9993
2,0.16,1.12,0.9990
3,0.24,1.20,0.9990
4,0.32,1.28,0.9990
5,0.40,1.36,0.9993
6,0.48,1.44,0.9991
7,0.56,1.52,0.9991
8,0.64,1.60,0.9993
9,0.72,1.68,0.9992
10,0.80,1.76,0.9988
11,0.88,1.84,0.9989
12,0.96,1.92,0.9959
13,1.04,2.00,0.9807
14,1.12,2.08,0.8902
15,1.20,2.16,0.5143
16,1.28,2.24,0.1200
17,1.36,2.32,0.0246
18,1.44,2.40,0.0076
19,1.52,2.48,0.0032
20,1.60,2.56,0.0047
21,1.68,2.64,0.0041
22,1.76,2.72,0.0046
23,1.84,2.80,0.0040
24,1.92,2.88,0.0036
25,2.00,2.96,0.0032
26,2.08,3.04,0.0022
27,2.16,3.12,0.0023
28,2.24,3.20,0.0023
29,2.32,3.28,0.0033
30,2.40,3.36,0.0025
31,2.48,3.44,0.0023
32,2.56,3.52,0.0020
33,2.64,3.60,0.0039
34,2.72,3.68,0.0059
35,2.80,3.76,0.0216
36,2.88,3.84,0.1252
37,2.96,3.92,0.4877
38,3.04,4.00,0.8410
39,3.12,4.08,0.9639
40,3.20,4.16,0.9940
41,3.28,4.24,0.9971
42,3.36,4.32,0.9985
43,3.44,4.40,0.9988
44,3.52,4.48,0.9990
45,3.60,4.56,0.9991
46,3.68,4.64,0.9988
47,3.76,4.72,0.9986
48,3.84,4.80,0.9989
49,3.92,4.88,0.9987
50,4.00,4.96,0.9977
51,4.08,5.04,0.9983
52,4.16,5.12,0.9981
53,4.24,5.20,0.9985
54,4.32,5.28,0.9990
55,4.40,5.36,0.9990
56,4.48,5.44,0.9992
57,4.56,5.52,0.9992
58,4.64,5.60,0.9994
59,4.72,5.68,0.9990
60,4.80,5.76,0.9981
61,4.88,5.84,0.9949
62,4.96,5.92,0.9721
63,5.04,6.00,0.8616
64,5.12,6.08,0.3956
65,5.20,6.16,0.1334
66,5.28,6.24,0.0473
67,5.36,6.32,0.0157
68,5.44,6.40,0.0093
69,5.52,6.48,0.0091
70,5.60,6.56,0.0056
71,5.68,6.64,0.0037
72,5.76,6.72,0.0050
73,5.84,6.80,0.0049
74,5.92,6.88,0.0043
75,6.00,6.96,0.0041
76,6.08,7.04,0.0023
77,6.16,7.12,0.0023
78,6.24,7.20,0.0021
79,6.32,7.28,0.0033
80,6.40,7.36,0.0071
81,6.48,7.44,0.0211
82,6.56,7.52,0.0925
83,6.64,7.60,0.3101
84,6.72,7.68,0.8077
85,6.80,7.76,0.9719
86,6.88,7.84,0.9956
87,6.96,7.92,0.9991
88,7.04,8.00,0.9991
89,7.12,8.08,0.9991
90,7.20,8.16,0.9989
91,7.28,8.24,0.9990
92,7.36,8.32,0.9990
93,7.44,8.40,0.9990
94,7.52,8.48,0.9992
95,7.60,8.56,0.9989
96,7.68,8.64,0.9982
97,7.76,8.72,0.9959
98,7.84,8.80,0.9868
99,7.92,8.88,0.9202
100,8.00,8.96,0.6416
101,8.08,9.04,0.1974
102,8.16,9.12,0.0339
103,8.24,9.20,0.0113
104,8.32,9.28,0.0047
105,8.40,9.36,0.0041
106,8.48,9.44,0.0035
107,8.56,9.52,0.0035
108,8.64,9.60,0.0030
109,8.72,9.68,0.0031
110,8.80,9.76,0.0037
111,8.88,9.84,0.0033
112,8.96,9.92,0.0038
113,9.04,10.00,0.0031
