0,0.00,0.96,0.0210
1,0.08,1.04,0.0125
2,0.16,1.12,0.0244
3,0.24,1.20,0.0153
4,0.32,1.28,0.0179
5,0.40,1.36,0.0081
6,0.48,1.44,0.0036
7,0.56,1.52,0.0057
8,0.64,1.60,0.0048
9,0.72,1.68,0.0024
10,0.80,1.76,0.0046
11,0.88,1.84,0.0165
12,0.96,1.92,0.0318
13,1.04,2.00,0.0250
14,1.12,2.08,0.0255
15,1.20,2.16,0.0507
16,1.28,2.24,0.1394
17,1.36,2.32,0.2448
18,1.44,2.40,0.5263
19,1.52,2.48,0.8333
20,1.60,2.56,0.9592
21,1.68,2.64,0.9837
22,1.76,2.72,0.9913
23,1.84,2.80,0.9968
24,1.92,2.88,0.9981
25,2.00,2.96,0.9981
26,2.08,3.04,0.9989
27,2.16,3.12,0.9981
28,2.24,3.20,0.9989
29,2.32,3.28,0.9987
30,2.40,3.36,0.9996
31,2.48,3.44,0.9988
32,2.56,3.52,0.9976
33,2.64,3.60,0.9976
34,2.72,3.68,0.9975
35,2.80,3.76,0.9988
36,2.88,3.84,0.9977
37,2.96,3.92,0.9981
38,3.04,4.00,0.9986
39,3.12,4.08,0.9986
40,3.20,4.16,0.9970
41,3.28,4.24,0.9982
42,3.36,4.32,0.9987
43,3.44,4.40,0.9986
44,3.52,4.48,0.9982
45,3.60,4.56,0.9979
46,3.68,4.64,0.9972
47,3.76,4.72,0.9976
48,3.84,4.80,0.9970
49,3.92,4.88,0.9947
50,4.00,4.96,0.9908
51,4.08,5.04,0.9875
52,4.16,5.12,0.9900
53,4.24,5.20,0.9905
54,4.32,5.28,0.9919
55,4.40,5.36,0.9938
56,4.48,5.44,0.9915
57,4.56,5.52,0.9958
58,4.64,5.60,0.9938
59,4.72,5.68,0.9869
60,4.80,5.76,0.9759
61,4.88,5.84,0.8279
62,4.96,5.92,0.4760
63,5.04,6.00,0.2866
64,5.12,6.08,0.0465
65,5.20,6.16,0.0353
66,5.28,6.24,0.0399
67,5.36,6.32,0.0226
68,5.44,6.40,0.0232
69,5.52,6.48,0.0368
70,5.60,6.56,0.0254
71,5.68,6.64,0.0352
72,5.76,6.72,0.0223
73,5.84,6.80,0.0169
74,5.92,6.88,0.0119
75,6.00,6.96,0.0185
76,6.08,7.04,0.0539
77,6.16,7.12,0.1048
78,6.24,7.20,0.1713
79,6.32,7.28,0.3596
80,6.40,7.36,0.7761
81,6.48,7.44,0.9713
82,6.56,7.52,0.9900
83,6.64,7.60,0.9927
84,6.72,7.68,0.9959
85,6.80,7.76,0.9951
86,6.88,7.84,0.9937
87,6.96,7.92,0.9898
88,7.04,8.00,0.9952
89,7.12,8.08,0.9826
90,7.20,8.16,0.9900
91,7.28,8.24,0.9884
92,7.36,8.32,0.9873
93,7.44,8.40,0.9949
94,7.52,8.48,0.9924
95,7.60,8.56,0.9897
96,7.68,8.64,0.9898
97,7.76,8.72,0.9922
98,7.84,8.80,0.9906
99,7.92,8.88,0.9813
100,8.00,8.96,0.9769
101,8.08,9.04,0.9900
102,8.16,9.12,0.9910
103,8.24,9.20,0.9931
104,8.32,9.28,0.9922
105,8.40,9.36,0.9895
106,8.48,9.44,0.9956
107,8.56,9.52,0.9948
108,8.64,9.60,0.9931
109,8.72,9.68,0.9959
110,8.80,9.76,0.9936
111,8.88,9.84,0.9908
112,8.96,9.92,0.9885
113,9.04,10.00,0.9797
