0,0.00,0.96,0.9911
1,0.08,1.04,0.9940
2,0.16,1.12,0.9972
3,0.24,1.20,0.9984
4,0.32,1.28,0.9998
5,0.40,1.36,0.9998
6,0.48,1.44,0.9996
7,0.56,1.52,0.9986
8,0.64,1.60,0.9975
9,0.72,1.68,0.9959
10,0.80,1.76,0.9970
11,0.88,1.84,0.9932
12,0.96,1.92,0.9967
13,1.04,2.00,0.9756
14,1.12,2.08,0.7978
15,1.20,2.16,0.5731
16,1.28,2.24,0.1688
17,1.36,2.32,0.0235
18,1.44,2.40,0.0068
19,1.52,2.48,0.0025
20,1.60,2.56,0.0026
21,1.68,2.64,0.0019
22,1.76,2.72,0.0018
23,1.84,2.80,0.0029
24,1.92,2.88,0.0098
25,2.00,2.96,0.0377
26,2.08,3.04,0.0366
27,2.16,3.12,0.0381
28,2.24,3.20,0.0281
29,2.32,3.28,0.0381
30,2.40,3.36,0.0450
31,2.48,3.44,0.1077
32,2.56,3.52,0.0161
33,2.64,3.60,0.0135
34,2.72,3.68,0.0189
35,2.80,3.76,0.0182
36,2.88,3.84,0.0082
37,2.96,3.92,0.0032
38,3.04,4.00,0.0089
39,3.12,4.08,0.0054
40,3.20,4.16,0.0016
41,3.28,4.24,0.0075
42,3.36,4.32,0.0270
43,3.44,4.40,0.0730
44,3.52,4.48,0.1315
45,3.60,4.56,0.4314
46,3.68,4.64,0.9163
47,3.76,4.72,0.8972
48,3.84,4.80,0.8725
49,3.92,4.88,0.9110
50,4.00,4.96,0.9505
51,4.08,5.04,0.9496
52,4.16,5.12,0.9798
53,4.24,5.20,0.9934
54,4.32,5.28,0.9947
55,4.40,5.36,0.9965
56,4.48,5.44,0.9965
57,4.56,5.52,0.9942
58,4.64,5.60,0.9608
59,4.72,5.68,0.7973
60,4.80,5.76,0.2966
61,4.88,5.84,0.1181
62,4.96,5.92,0.0561
63,5.04,6.00,0.0071
64,5.12,6.08,0.0054
65,5.20,6.16,0.0024
66,5.28,6.24,0.0013
67,5.36,6.32,0.0013
68,5.44,6.40,0.0008
69,5.52,6.48,0.0026
70,5.60,6.56,0.0033
71,5.68,6.64,0.0091
72,5.76,6.72,0.0072
73,5.84,6.80,0.0061
74,5.92,6.88,0.0362
75,6.00,6.96,0.0080
76,6.08,7.04,0.0276
77,6.16,7.12,0.0963
78,6.24,7.20,0.1254
79,6.32,7.28,0.0666
80,6.40,7.36,0.1547
81,6.48,7.44,0.0803
82,6.56,7.52,0.0336
83,6.64,7.60,0.0214
84,6.72,7.68,0.0127
85,6.80,7.76,0.0061
86,6.88,7.84,0.0217
87,6.96,7.92,0.0163
88,7.04,8.00,0.0369
89,7.12,8.08,0.0360
90,7.20,8.16,0.1731
91,7.28,8.24,0.3038
92,7.36,8.32,0.4837
93,7.44,8.40,0.8136
94,7.52,8.48,0.9724
95,7.60,8.56,0.9890
96,7.68,8.64,0.9940
97,7.76,8.72,0.9925
98,7.84,8.80,0.9861
99,7.92,8.88,0.9869
100,8.00,8.96,0.9374
101,8.08,9.04,0.8921
102,8.16,9.12,0.8293
103,8.24,9.20,0.2983
104,8.32,9.28,0.0613
105,8.40,9.36,0.0182
106,8.48,9.44,0.0038
107,8.56,9.52,0.0030
108,8.64,9.60,0.0128
109,8.72,9.68,0.0056
110,8.80,9.76,0.0217
111,8.88,9.84,0.0144
112,8.96,9.92,0.0850
113,9.04,10.00,0.0360
