0,0.00,0.96,0.0223
1,0.08,1.04,0.0112
2,0.16,1.12,0.0136
3,0.24,1.20,0.0158
4,0.32,1.28,0.0078
5,0.40,1.36,0.0160
6,0.48,1.44,0.0083
7,0.56,1.52,0.0795
8,0.64,1.60,0.0555
9,0.72,1.68,0.0157
10,0.80,1.76,0.0066
11,0.88,1.84,0.0241
12,0.96,1.92,0.0160
13,1.04,2.00,0.0047
14,1.12,2.08,0.0141
15,1.20,2.16,0.0103
16,1.28,2.24,0.0217
17,1.36,2.32,0.0511
18,1.44,2.40,0.0639
19,1.52,2.48,0.4560
20,1.60,2.56,0.1680
21,1.68,2.64,0.1987
22,1.76,2.72,0.4361
23,1.84,2.80,0.9657
24,1.92,2.88,0.9973
25,2.00,2.96,0.9994
26,2.08,3.04,0.9987
27,2.16,3.12,0.9970
28,2.24,3.20,0.9924
29,2.32,3.28,0.9838
30,2.40,3.36,0.9964
31,2.48,3.44,0.9946
32,2.56,3.52,0.9934
33,2.64,3.60,0.9966
34,2.72,3.68,0.9807
35,2.80,3.76,0.9842
36,2.88,3.84,0.9616
37,2.96,3.92,0.9624
38,3.04,4.00,0.9519
39,3.12,4.08,0.9389
40,3.20,4.16,0.9658
41,3.28,4.24,0.9787
42,3.36,4.32,0.9781
43,3.44,4.40,0.9870
44,3.52,4.48,0.9732
45,3.60,4.56,0.9885
46,3.68,4.64,0.9868
47,3.76,4.72,0.9806
48,3.84,4.80,0.9597
49,3.92,4.88,0.9406
50,4.00,4.96,0.9816
51,4.08,5.04,0.9334
52,4.16,5.12,0.5268
53,4.24,5.20,0.4268
54,4.32,5.28,0.1121
55,4.40,5.36,0.0601
56,4.48,5.44,0.0186
57,4.56,5.52,0.0534
58,4.64,5.60,0.0345
59,4.72,5.68,0.2034
60,4.80,5.76,0.1669
61,4.88,5.84,0.3502
62,4.96,5.92,0.8947
63,5.04,6.00,0.9676
64,5.12,6.08,0.9984
65,5.20,6.16,0.9982
66,5.28,6.24,0.9986
67,5.36,6.32,0.9997
68,5.44,6.40,0.9975
69,5.52,6.48,0.9852
70,5.60,6.56,0.9721
71,5.68,6.64,0.9895
72,5.76,6.72,0.9556
73,5.84,6.80,0.9813
74,5.92,6.88,0.9901
75,6.00,6.96,0.9985
76,6.08,7.04,0.9992
77,6.16,7.12,0.9991
78,6.24,7.20,0.9996
79,6.32,7.28,0.9996
80,6.40,7.36,0.9987
81,6.48,7.44,0.9946
82,6.56,7.52,0.9898
83,6.64,7.60,0.9897
84,6.72,7.68,0.9915
85,6.80,7.76,0.9396
86,6.88,7.84,0.9495
87,6.96,7.92,0.9650
88,7.04,8.00,0.9839
89,7.12,8.08,0.9969
90,7.20,8.16,0.9968
91,7.28,8.24,0.9907
92,7.36,8.32,0.9513
93,7.44,8.40,0.9814
94,7.52,8.48,0.9644
95,7.60,8.56,0.9879
96,7.68,8.64,0.9969
97,7.76,8.72,0.9839
98,7.84,8.80,0.9914
99,7.92,8.88,0.9970
100,8.00,8.96,0.9978
101,8.08,9.04,0.9521
102,8.16,9.12,0.7623
103,8.24,9.20,0.2405
104,8.32,9.28,0.1622
105,8.40,9.36,0.0906
106,8.48,9.44,0.0032
107,8.56,9.52,0.0023
108,8.64,9.60,0.0078
109,8.72,9.68,0.0192
110,8.80,9.76,0.0651
111,8.88,9.84,0.1620
112,8.96,9.92,0.2546
113,9.04,10.00,0.6495
