0,0.00,0.96,0.1454
1,0.08,1.04,0.6870
2,0.16,1.12,0.8817
3,0.24,1.20,0.8929
4,0.32,1.28,0.9883
5,0.40,1.36,0.9963
6,0.48,1.44,0.9973
7,0.56,1.52,0.9969
8,0.64,1.60,0.9944
9,0.72,1.68,0.9985
10,0.80,1.76,0.9982
11,0.88,1.84,0.9939
12,0.96,1.92,0.9944
13,1.04,2.00,0.9958
14,1.12,2.08,0.9906
15,1.20,2.16,0.9496
16,1.28,2.24,0.7614
17,1.36,2.32,0.3927
18,1.44,2.40,0.4214
19,1.52,2.48,0.2267
20,1.60,2.56,0.0507
21,1.68,2.64,0.0464
22,1.76,2.72,0.0357
23,1.84,2.80,0.0182
24,1.92,2.88,0.0072
25,2.00,2.96,0.0041
26,2.08,3.04,0.0151
27,2.16,3.12,0.0467
28,2.24,3.20,0.2163
29,2.32,3.28,0.6225
30,2.40,3.36,0.9122
31,2.48,3.44,0.9699
32,2.56,3.52,0.9888
33,2.64,3.60,0.9973
34,2.72,3.68,0.9991
35,2.80,3.76,0.9976
36,2.88,3.84,0.9971
37,2.96,3.92,0.9982
38,3.04,4.00,0.9994
39,3.12,4.08,0.9997
40,3.20,4.16,0.9992
41,3.28,4.24,0.9995
42,3.36,4.32,0.9993
43,3.44,4.40,0.9995
44,3.52,4.48,0.9995
45,3.60,4.56,0.9985
46,3.68,4.64,0.9988
47,3.76,4.72,0.9992
48,3.84,4.80,0.9989
49,3.92,4.88,0.9984
50,4.00,4.96,0.9951
51,4.08,5.04,0.9970
52,4.16,5.12,0.9973
53,4.24,5.20,0.9950
54,4.32,5.28,0.9944
55,4.40,5.36,0.9954
56,4.48,5.44,0.9939
57,4.56,5.52,0.9946
58,4.64,5.60,0.9857
59,4.72,5.68,0.9953
60,4.80,5.76,0.9951
61,4.88,5.84,0.9865
62,4.96,5.92,0.8953
63,5.04,6.00,0.8795
64,5.12,6.08,0.7317
65,5.20,6.16,0.3902
66,5.28,6.24,0.1884
67,5.36,6.32,0.0901
68,5.44,6.40,0.0369
69,5.52,6.48,0.0170
70,5.60,6.56,0.0103
71,5.68,6.64,0.0130
72,5.76,6.72,0.0283
73,5.84,6.80,0.0214
74,5.92,6.88,0.0440
75,6.00,6.96,0.0405
76,6.08,7.04,0.0381
77,6.16,7.12,0.1157
78,6.24,7.20,0.1763
79,6.32,7.28,0.2472
80,6.40,7.36,0.0982
81,6.48,7.44,0.2440
82,6.56,7.52,0.1834
83,6.64,7.60,0.1540
84,6.72,7.68,0.0513
85,6.80,7.76,0.0935
86,6.88,7.84,0.0695
87,6.96,7.92,0.1238
88,7.04,8.00,0.0857
89,7.12,8.08,0.3339
90,7.20,8.16,0.5528
91,7.28,8.24,0.9175
92,7.36,8.32,0.9259
93,7.44,8.40,0.9889
94,7.52,8.48,0.9843
95,7.60,8.56,0.9939
96,7.68,8.64,0.9946
97,7.76,8.72,0.9947
98,7.84,8.80,0.9938
99,7.92,8.88,0.9904
100,8.00,8.96,0.9832
101,8.08,9.04,0.9840
102,8.16,9.12,0.9890
103,8.24,9.20,0.9957
104,8.32,9.28,0.9966
105,8.40,9.36,0.9983
106,8.48,9.44,0.9953
107,8.56,9.52,0.9942
108,8.64,9.60,0.9966
109,8.72,9.68,0.9973
110,8.80,9.76,0.9952
111,8.88,9.84,0.9975
112,8.96,9.92,0.9963
113,9.04,10.00,0.9941
