0,0.00,0.96,0.0088
1,0.08,1.04,0.0109
2,0.16,1.12,0.0112
3,0.24,1.20,0.0134
4,0.32,1.28,0.0586
5,0.40,1.36,0.1063
6,0.48,1.44,0.1866
7,0.56,1.52,0.2190
8,0.64,1.60,0.4083
9,0.72,1.68,0.7705
10,0.80,1.76,0.9395
11,0.88,1.84,0.9720
12,0.96,1.92,0.9893
13,1.04,2.00,0.9890
14,1.12,2.08,0.9844
15,1.20,2.16,0.9920
16,1.28,2.24,0.9971
17,1.36,2.32,0.9938
18,1.44,2.40,0.9952
19,1.52,2.48,0.9848
20,1.60,2.56,0.9712
21,1.68,2.64,0.9723
22,1.76,2.72,0.9908
23,1.84,2.80,0.9874
24,1.92,2.88,0.9835
25,2.00,2.96,0.9879
26,2.08,3.04,0.9893
27,2.16,3.12,0.9775
28,2.24,3.20,0.9881
29,2.32,3.28,0.9500
30,2.40,3.36,0.8104
31,2.48,3.44,0.3810
32,2.56,3.52,0.1510
33,2.64,3.60,0.0970
34,2.72,3.68,0.0991
35,2.80,3.76,0.0299
36,2.88,3.84,0.0430
37,2.96,3.92,0.0452
38,3.04,4.00,0.0633
39,3.12,4.08,0.0480
40,3.20,4.16,0.0417
41,3.28,4.24,0.0855
42,3.36,4.32,0.1702
43,3.44,4.40,0.3905
44,3.52,4.48,0.4177
45,3.60,4.56,0.3938
46,3.68,4.64,0.1146
47,3.76,4.72,0.0537
48,3.84,4.80,0.0560
49,3.92,4.88,0.0367
50,4.00,4.96,0.0825
51,4.08,5.04,0.0445
52,4.16,5.12,0.0437
53,4.24,5.20,0.0423
54,4.32,5.28,0.1055
55,4.40,5.36,0.0836
56,4.48,5.44,0.1602
57,4.56,5.52,0.3041
58,4.64,5.60,0.6761
59,4.72,5.68,0.9147
60,4.80,5.76,0.9685
61,4.88,5.84,0.9665
62,4.96,5.92,0.9853
63,5.04,6.00,0.9923
64,5.12,6.08,0.9953
65,5.20,6.16,0.9930
66,5.28,6.24,0.9970
67,5.36,6.32,0.9969
68,5.44,6.40,0.9942
69,5.52,6.48,0.9929
70,5.60,6.56,0.9981
71,5.68,6.64,0.9986
72,5.76,6.72,0.9991
73,5.84,6.80,0.9977
74,5.92,6.88,0.9961
75,6.00,6.96,0.9940
76,6.08,7.04,0.9951
77,6.16,7.12,0.9948
78,6.24,7.20,0.9934
79,6.32,7.28,0.9926
80,6.40,7.36,0.9893
81,6.48,7.44,0.9902
82,6.56,7.52,0.9960
83,6.64,7.60,0.9897
84,6.72,7.68,0.9932
85,6.80,7.76,0.9975
86,6.88,7.84,0.9969
87,6.96,7.92,0.9955
88,7.04,8.00,0.9976
89,7.12,8.08,0.9951
90,7.20,8.16,0.9952
91,7.28,8.24,0.9913
92,7.36,8.32,0.9762
93,7.44,8.40,0.9818
94,7.52,8.48,0.9691
95,7.60,8.56,0.9719
96,7.68,8.64,0.9800
97,7.76,8.72,0.9834
98,7.84,8.80,0.9271
99,7.92,8.88,0.8057
100,8.00,8.96,0.4582
101,8.08,9.04,0.1166
102,8.16,9.12,0.0123
103,8.24,9.20,0.0217
104,8.32,9.28,0.0082
105,8.40,9.36,0.0199
106,8.48,9.44,0.0244
107,8.56,9.52,0.0112
108,8.64,9.60,0.0134
109,8.72,9.68,0.0474
110,8.80,9.76,0.0879
111,8.88,9.84,0.0428
112,8.96,9.92,0.0218
113,9.04,10.00,0.0262
