0,0.00,0.96,0.9998
1,0.08,1.04,0.9996
2,0.16,1.12,0.9996
3,0.24,1.20,0.9995
4,0.32,1.28,0.9994
5,0.40,1.36,0.9994
6,0.48,1.44,0.9989
7,0.56,1.52,0.9988
8,0.64,1.60,0.9988
9,0.72,1.68,0.9987
10,0.80,1.76,0.9994
11,0.88,1.84,0.9996
12,0.96,1.92,0.9994
13,1.04,2.00,0.9984
14,1.12,2.08,0.9934
15,1.20,2.16,0.9902
16,1.28,2.24,0.9194
17,1.36,2.32,0.7060
18,1.44,2.40,0.4068
19,1.52,2.48,0.1665
20,1.60,2.56,0.0632
21,1.68,2.64,0.0392
22,1.76,2.72,0.0358
23,1.84,2.80,0.0324
24,1.92,2.88,0.0704
25,2.00,2.96,0.0718
26,2.08,3.04,0.0563
27,2.16,3.12,0.0556
28,2.24,3.20,0.0612
29,2.32,3.28,0.0360
30,2.40,3.36,0.0349
31,2.48,3.44,0.0112
32,2.56,3.52,0.0130
33,2.64,3.60,0.0095
34,2.72,3.68,0.0110
35,2.80,3.76,0.0173
36,2.88,3.84,0.0405
37,2.96,3.92,0.1219
38,3.04,4.00,0.4807
39,3.12,4.08,0.9141
40,3.20,4.16,0.9746
41,3.28,4.24,0.9857
42,3.36,4.32,0.9912
43,3.44,4.40,0.9938
44,3.52,4.48,0.9948
45,3.60,4.56,0.9958
46,3.68,4.64,0.9979
47,3.76,4.72,0.9989
48,3.84,4.80,0.9996
49,3.92,4.88,0.9989
50,4.00,4.96,0.9983
51,4.08,5.04,0.9988
52,4.16,5.12,0.9985
53,4.24,5.20,0.9990
54,4.32,5.28,0.9989
55,4.40,5.36,0.9992
56,4.48,5.44,0.9987
57,4.56,5.52,0.9968
58,4.64,5.60,0.9796
59,4.72,5.68,0.8936
60,4.80,5.76,0.6078
61,4.88,5.84,0.1851
62,4.96,5.92,0.1826
63,5.04,6.00,0.1635
64,5.12,6.08,0.1143
65,5.20,6.16,0.1784
66,5.28,6.24,0.1190
67,5.36,6.32,0.0501
68,5.44,6.40,0.0851
69,5.52,6.48,0.0479
70,5.60,6.56,0.0456
71,5.68,6.64,0.0468
72,5.76,6.72,0.0466
73,5.84,6.80,0.0628
74,5.92,6.88,0.0981
75,6.00,6.96,0.2155
76,6.08,7.04,0.3714
77,6.16,7.12,0.7679
78,6.24,7.20,0.8994
79,6.32,7.28,0.9902
80,6.40,7.36,0.9942
81,6.48,7.44,0.9971
82,6.56,7.52,0.9964
83,6.64,7.60,0.9961
84,6.72,7.68,0.9969
85,6.80,7.76,0.9966
86,6.88,7.84,0.9984
87,6.96,7.92,0.9985
88,7.04,8.00,0.9974
89,7.12,8.08,0.9940
90,7.20,8.16,0.9879
91,7.28,8.24,0.9530
92,7.36,8.32,0.5937
93,7.44,8.40,0.1331
94,7.52,8.48,0.0374
95,7.60,8.56,0.0136
96,7.68,8.64,0.0041
97,7.76,8.72,0.0047
98,7.84,8.80,0.0030
99,7.92,8.88,0.0059
100,8.00,8.96,0.0070
101,8.08,9.04,0.0038
102,8.16,9.12,0.0030
103,8.24,9.20,0.0025
104,8.32,9.28,0.0030
105,8.40,9.36,0.0030
106,8.48,9.44,0.0019
107,8.56,9.52,0.0015
108,8.64,9.60,0.0047
109,8.72,9.68,0.0196
110,8.80,9.76,0.1036
111,8.88,9.84,0.4873
112,8.96,9.92,0.8416
113,9.04,10.00,0.9740
