0,0.00,0.96,0.9833
1,0.08,1.04,0.8867
2,0.16,1.12,0.7927
3,0.24,1.20,0.8158
4,0.32,1.28,0.6921
5,0.40,1.36,0.5965
6,0.48,1.44,0.1402
7,0.56,1.52,0.1345
8,0.64,1.60,0.0586
9,0.72,1.68,0.1133
10,0.80,1.76,0.0754
11,0.88,1.84,0.0128
12,0.96,1.92,0.0265
13,1.04,2.00,0.0181
14,1.12,2.08,0.0139
15,1.20,2.16,0.0050
16,1.28,2.24,0.0237
17,1.36,2.32,0.0203
18,1.44,2.40,0.1163
19,1.52,2.48,0.1677
20,1.60,2.56,0.2399
21,1.68,2.64,0.7898
22,1.76,2.72,0.9242
23,1.84,2.80,0.9714
24,1.92,2.88,0.9655
25,2.00,2.96,0.9721
26,2.08,3.04,0.9812
27,2.16,3.12,0.9196
28,2.24,3.20,0.7858
29,2.32,3.28,0.5000
30,2.40,3.36,0.2574
31,2.48,3.44,0.2564
32,2.56,3.52,0.0773
33,2.64,3.60,0.0217
34,2.72,3.68,0.1135
35,2.80,3.76,0.0533
36,2.88,3.84,0.0378
37,2.96,3.92,0.0257
38,3.04,4.00,0.0199
39,3.12,4.08,0.0212
40,3.20,4.16,0.0416
41,3.28,4.24,0.0484
42,3.36,4.32,0.0882
43,3.44,4.40,0.1361
44,3.52,4.48,0.1096
45,3.60,4.56,0.1030
46,3.68,4.64,0.1596
47,3.76,4.72,0.0497
48,3.84,4.80,0.2259
49,3.92,4.88,0.1042
50,4.00,4.96,0.0615
51,4.08,5.04,0.0254
52,4.16,5.12,0.0180
53,4.24,5.20,0.1025
54,4.32,5.28,0.6838
55,4.40,5.36,0.7993
56,4.48,5.44,0.9451
57,4.56,5.52,0.9823
58,4.64,5.60,0.9959
59,4.72,5.68,0.9994
60,4.80,5.76,0.9997
61,4.88,5.84,0.9994
62,4.96,5.92,0.9993
63,5.04,6.00,0.9993
64,5.12,6.08,0.9988
65,5.20,6.16,0.9958
66,5.28,6.24,0.9911
67,5.36,6.32,0.9963
68,5.44,6.40,0.9983
69,5.52,6.48,0.9972
70,5.60,6.56,0.9972
71,5.68,6.64,0.9986
72,5.76,6.72,0.9925
73,5.84,6.80,0.9892
74,5.92,6.88,0.9978
75,6.00,6.96,0.9977
76,6.08,7.04,0.9928
77,6.16,7.12,0.9932
78,6.24,7.20,0.9967
79,6.32,7.28,0.9727
80,6.40,7.36,0.9809
81,6.48,7.44,0.9785
82,6.56,7.52,0.9398
83,6.64,7.60,0.9611
84,6.72,7.68,0.9680
85,6.80,7.76,0.9748
86,6.88,7.84,0.9736
87,6.96,7.92,0.9550
88,7.04,8.00,0.9074
89,7.12,8.08,0.8997
90,7.20,8.16,0.9564
91,7.28,8.24,0.9501
92,7.36,8.32,0.8936
93,7.44,8.40,0.5707
94,7.52,8.48,0.2905
95,7.60,8.56,0.2923
96,7.68,8.64,0.3400
97,7.76,8.72,0.3409
98,7.84,8.80,0.1579
99,7.92,8.88,0.3709
100,8.00,8.96,0.6821
101,8.08,9.04,0.8064
102,8.16,9.12,0.8960
103,8.24,9.20,0.9697
104,8.32,9.28,0.9764
105,8.40,9.36,0.9908
106,8.48,9.44,0.9718
107,8.56,9.52,0.9720
108,8.64,9.60,0.9095
109,8.72,9.68,0.9218
110,8.80,9.76,0.8933
111,8.88,9.84,0.9740
112,8.96,9.92,0.9846
113,9.04,10.00,0.9936
