0,0.00,0.96,0.9110
1,0.08,1.04,0.9832
2,0.16,1.12,0.9986
3,0.24,1.20,0.9969
4,0.32,1.28,0.9896
5,0.40,1.36,0.8552
6,0.48,1.44,0.9658
7,0.56,1.52,0.9365
8,0.64,1.60,0.9990
9,0.72,1.68,0.9949
10,0.80,1.76,0.9996
11,0.88,1.84,0.9997
12,0.96,1.92,0.9969
13,1.04,2.00,0.9967
14,1.12,2.08,0.9983
15,1.20,2.16,0.9961
16,1.28,2.24,0.9982
17,1.36,2.32,0.9990
18,1.44,2.40,0.9992
19,1.52,2.48,0.9984
20,1.60,2.56,0.9867
21,1.68,2.64,0.9837
22,1.76,2.72,0.9863
23,1.84,2.80,0.8400
24,1.92,2.88,0.9100
25,2.00,2.96,0.9227
26,2.08,3.04,0.7294
27,2.16,3.12,0.7298
28,2.24,3.20,0.6858
29,2.32,3.28,0.9635
30,2.40,3.36,0.9292
31,2.48,3.44,0.9397
32,2.56,3.52,0.7430
33,2.64,3.60,0.0584
34,2.72,3.68,0.0814
35,2.80,3.76,0.0217
36,2.88,3.84,0.0131
37,2.96,3.92,0.0039
38,3.04,4.00,0.0069
39,3.12,4.08,0.0409
40,3.20,4.16,0.1417
41,3.28,4.24,0.5955
42,3.36,4.32,0.9351
43,3.44,4.40,0.4534
44,3.52,4.48,0.2786
45,3.60,4.56,0.1087
46,3.68,4.64,0.6002
47,3.76,4.72,0.6555
48,3.84,4.80,0.7311
49,3.92,4.88,0.8158
50,4.00,4.96,0.9265
51,4.08,5.04,0.6886
52,4.16,5.12,0.4260
53,4.24,5.20,0.6277
54,4.32,5.28,0.9420
55,4.40,5.36,0.9505
56,4.48,5.44,0.8869
57,4.56,5.52,0.3821
58,4.64,5.60,0.8395
59,4.72,5.68,0.7491
60,4.80,5.76,0.5229
61,4.88,5.84,0.1865
62,4.96,5.92,0.0868
63,5.04,6.00,0.0820
64,5.12,6.08,0.1832
65,5.20,6.16,0.1129
66,5.28,6.24,0.3452
67,5.36,6.32,0.4789
68,5.44,6.40,0.9753
69,5.52,6.48,0.8035
70,5.60,6.56,0.8840
71,5.68,6.64,0.9118
72,5.76,6.72,0.6532
73,5.84,6.80,0.5970
74,5.92,6.88,0.6743
75,6.00,6.96,0.4480
76,6.08,7.04,0.6462
77,6.16,7.12,0.0276
78,6.24,7.20,0.0067
79,6.32,7.28,0.0530
80,6.40,7.36,0.1433
81,6.48,7.44,0.2089
82,6.56,7.52,0.4928
83,6.64,7.60,0.0384
84,6.72,7.68,0.1064
85,6.80,7.76,0.2906
86,6.88,7.84,0.0979
87,6.96,7.92,0.7570
88,7.04,8.00,0.6346
89,7.12,8.08,0.0420
90,7.20,8.16,0.0690
91,7.28,8.24,0.0277
92,7.36,8.32,0.1754
93,7.44,8.40,0.3969
94,7.52,8.48,0.3407
95,7.60,8.56,0.9117
96,7.68,8.64,0.9859
97,7.76,8.72,0.9716
98,7.84,8.80,0.9794
99,7.92,8.88,0.9927
100,8.00,8.96,0.9871
101,8.08,9.04,0.9731
102,8.16,9.12,0.9576
103,8.24,9.20,0.7049
104,8.32,9.28,0.0531
105,8.40,9.36,0.0535
106,8.48,9.44,0.0024
107,8.56,9.52,0.0007
108,8.64,9.60,0.0001
109,8.72,9.68,0.0000
110,8.80,9.76,0.0002
111,8.88,9.84,0.0004
112,8.96,9.92,0.0008
113,9.04,10.00,0.0003
