0,0.00,0.96,0.9978
1,0.08,1.04,0.9953
2,0.16,1.12,0.9854
3,0.24,1.20,0.9929
4,0.32,1.28,0.9958
5,0.40,1.36,0.9933
6,0.48,1.44,0.9974
7,0.56,1.52,0.9969
8,0.64,1.60,0.9980
9,0.72,1.68,0.9980
10,0.80,1.76,0.9970
11,0.88,1.84,0.9925
12,0.96,1.92,0.9917
13,1.04,2.00,0.9958
14,1.12,2.08,0.9931
15,1.20,2.16,0.9951
16,1.28,2.24,0.9877
17,1.36,2.32,0.9940
18,1.44,2.40,0.9952
19,1.52,2.48,0.9867
20,1.60,2.56,0.9860
21,1.68,2.64,0.9941
22,1.76,2.72,0.9837
23,1.84,2.80,0.9685
24,1.92,2.88,0.9753
25,2.00,2.96,0.9964
26,2.08,3.04,0.9930
27,2.16,3.12,0.9952
28,2.24,3.20,0.9954
29,2.32,3.28,0.9885
30,2.40,3.36,0.9799
31,2.48,3.44,0.9199
32,2.56,3.52,0.7026
33,2.64,3.60,0.1389
34,2.72,3.68,0.0521
35,2.80,3.76,0.0461
36,2.88,3.84,0.0273
37,2.96,3.92,0.0553
38,3.04,4.00,0.0930
39,3.12,4.08,0.1122
40,3.20,4.16,0.0982
41,3.28,4.24,0.1035
42,3.36,4.32,0.0529
43,3.44,4.40,0.0714
44,3.52,4.48,0.1091
45,3.60,4.56,0.3410
46,3.68,4.64,0.3488
47,3.76,4.72,0.1335
48,3.84,4.80,0.0299
49,3.92,4.88,0.0196
50,4.00,4.96,0.0290
51,4.08,5.04,0.0179
52,4.16,5.12,0.0231
53,4.24,5.20,0.0183
54,4.32,5.28,0.0403
55,4.40,5.36,0.0193
56,4.48,5.44,0.1805
57,4.56,5.52,0.2286
58,4.64,5.60,0.7213
59,4.72,5.68,0.8920
60,4.80,5.76,0.9624
61,4.88,5.84,0.9813
62,4.96,5.92,0.9913
63,5.04,6.00,0.9950
64,5.12,6.08,0.9977
65,5.20,6.16,0.9991
66,5.28,6.24,0.9989
67,5.36,6.32,0.9996
68,5.44,6.40,0.9993
69,5.52,6.48,0.9995
70,5.60,6.56,0.9994
71,5.68,6.64,0.9986
72,5.76,6.72,0.9983
73,5.84,6.80,0.9985
74,5.92,6.88,0.9979
75,6.00,6.96,0.9980
76,6.08,7.04,0.9987
77,6.16,7.12,0.9982
78,6.24,7.20,0.9760
79,6.32,7.28,0.9949
80,6.40,7.36,0.9932
81,6.48,7.44,0.9869
82,6.56,7.52,0.9724
83,6.64,7.60,0.9727
84,6.72,7.68,0.9678
85,6.80,7.76,0.9582
86,6.88,7.84,0.9506
87,6.96,7.92,0.9775
88,7.04,8.00,0.9964
89,7.12,8.08,0.9978
90,7.20,8.16,0.9989
91,7.28,8.24,0.9978
92,7.36,8.32,0.9974
93,7.44,8.40,0.9978
94,7.52,8.48,0.9953
95,7.60,8.56,0.9928
96,7.68,8.64,0.9963
97,7.76,8.72,0.9981
98,7.84,8.80,0.9968
99,7.92,8.88,0.9817
100,8.00,8.96,0.9469
101,8.08,9.04,0.6751
102,8.16,9.12,0.4899
103,8.24,9.20,0.3509
104,8.32,9.28,0.1918
105,8.40,9.36,0.1780
106,8.48,9.44,0.2211
107,8.56,9.52,0.2687
108,8.64,9.60,0.1319
109,8.72,9.68,0.1378
110,8.80,9.76,0.2391
111,8.88,9.84,0.6369
112,8.96,9.92,0.6917
113,9.04,10.00,0.8801
