0,0.00,0.96,0.6206
1,0.08,1.04,0.5694
2,0.16,1.12,0.2175
3,0.24,1.20,0.0376
4,0.32,1.28,0.0647
5,0.40,1.36,0.0061
6,0.48,1.44,0.0258
7,0.56,1.52,0.0525
8,0.64,1.60,0.0279
9,0.72,1.68,0.0323
10,0.80,1.76,0.0088
11,0.88,1.84,0.0740
12,0.96,1.92,0.2203
13,1.04,2.00,0.5448
14,1.12,2.08,0.8729
15,1.20,2.16,0.8457
16,1.28,2.24,0.5441
17,1.36,2.32,0.9296
18,1.44,2.40,0.9811
19,1.52,2.48,0.9558
20,1.60,2.56,0.9772
21,1.68,2.64,0.9963
22,1.76,2.72,0.9990
23,1.84,2.80,0.9952
24,1.92,2.88,0.9370
25,2.00,2.96,0.7015
26,2.08,3.04,0.7101
27,2.16,3.12,0.9736
28,2.24,3.20,0.9220
29,2.32,3.28,0.8530
30,2.40,3.36,0.7611
31,2.48,3.44,0.6915
32,2.56,3.52,0.7878
33,2.64,3.60,0.4502
34,2.72,3.68,0.8966
35,2.80,3.76,0.8996
36,2.88,3.84,0.9979
37,2.96,3.92,0.9758
38,3.04,4.00,0.9965
39,3.12,4.08,0.9986
40,3.20,4.16,0.9859
41,3.28,4.24,0.8911
42,3.36,4.32,0.3660
43,3.44,4.40,0.0733
44,3.52,4.48,0.0821
45,3.60,4.56,0.1410
46,3.68,4.64,0.0361
47,3.76,4.72,0.8561
48,3.84,4.80,0.8958
49,3.92,4.88,0.9500
50,4.00,4.96,0.9198
51,4.08,5.04,0.9190
52,4.16,5.12,0.8956
53,4.24,5.20,0.9170
54,4.32,5.28,0.9297
55,4.40,5.36,0.9814
56,4.48,5.44,0.9852
57,4.56,5.52,0.9940
58,4.64,5.60,0.9912
59,4.72,5.68,0.9905
60,4.80,5.76,0.9735
61,4.88,5.84,0.9868
62,4.96,5.92,0.9708
63,5.04,6.00,0.8612
64,5.12,6.08,0.5589
65,5.20,6.16,0.2715
66,5.28,6.24,0.1536
67,5.36,6.32,0.0925
68,5.44,6.40,0.0346
69,5.52,6.48,0.1211
70,5.60,6.56,0.3432
71,5.68,6.64,0.8837
72,5.76,6.72,0.6755
73,5.84,6.80,0.8520
74,5.92,6.88,0.2241
75,6.00,6.96,0.6264
76,6.08,7.04,0.1733
77,6.16,7.12,0.0704
78,6.24,7.20,0.1858
79,6.32,7.28,0.1116
80,6.40,7.36,0.0593
81,6.48,7.44,0.0520
82,6.56,7.52,0.2288
83,6.64,7.60,0.0835
84,6.72,7.68,0.1237
85,6.80,7.76,0.1232
86,6.88,7.84,0.5088
87,6.96,7.92,0.8684
88,7.04,8.00,0.3797
89,7.12,8.08,0.8897
90,7.20,8.16,0.8463
91,7.28,8.24,0.9343
92,7.36,8.32,0.8259
93,7.44,8.40,0.9276
94,7.52,8.48,0.9986
95,7.60,8.56,0.9978
96,7.68,8.64,0.9926
97,7.76,8.72,0.9860
98,7.84,8.80,0.8661
99,7.92,8.88,0.9874
100,8.00,8.96,0.9905
101,8.08,9.04,0.9436
102,8.16,9.12,0.8026
103,8.24,9.20,0.8615
104,8.32,9.28,0.9721
105,8.40,9.36,0.8533
106,8.48,9.44,0.9735
107,8.56,9.52,0.9526
108,8.64,9.60,0.7136
109,8.72,9.68,0.3985
110,8.80,9.76,0.8292
111,8.88,9.84,0.1542
112,8.96,9.92,0.0359
113,9.04,10.00,0.1409
