0,0.00,0.96,0.0005
1,0.08,1.04,0.0009
2,0.16,1.12,0.0005
3,0.24,1.20,0.0006
4,0.32,1.28,0.0006
5,0.40,1.36,0.0001
6,0.48,1.44,0.0001
7,0.56,1.52,0.0016
8,0.64,1.60,0.0044
9,0.72,1.68,0.0042
10,0.80,1.76,0.0099
11,0.88,1.84,0.0013
12,0.96,1.92,0.0034
13,1.04,2.00,0.0229
14,1.12,2.08,0.0212
15,1.20,2.16,0.0030
16,1.28,2.24,0.0030
17,1.36,2.32,0.0206
18,1.44,2.40,0.0298
19,1.52,2.48,0.0059
20,1.60,2.56,0.1143
21,1.68,2.64,0.0223
22,1.76,2.72,0.0184
23,1.84,2.80,0.0068
24,1.92,2.88,0.0035
25,2.00,2.96,0.0048
26,2.08,3.04,0.0249
27,2.16,3.12,0.1932
28,2.24,3.20,0.1840
29,2.32,3.28,0.0968
30,2.40,3.36,0.2433
31,2.48,3.44,0.4285
32,2.56,3.52,0.5022
33,2.64,3.60,0.5602
34,2.72,3.68,0.4930
35,2.80,3.76,0.5000
36,2.88,3.84,0.4252
37,2.96,3.92,0.7121
38,3.04,4.00,0.9613
39,3.12,4.08,0.9362
40,3.20,4.16,0.8859
41,3.28,4.24,0.8635
42,3.36,4.32,0.6510
43,3.44,4.40,0.7846
44,3.52,4.48,0.8105
45,3.60,4.56,0.6422
46,3.68,4.64,0.8054
47,3.76,4.72,0.7440
48,3.84,4.80,0.4110
49,3.92,4.88,0.5069
50,4.00,4.96,0.5479
51,4.08,5.04,0.7488
52,4.16,5.12,0.8231
53,4.24,5.20,0.6553
54,4.32,5.28,0.3398
55,4.40,5.36,0.2129
56,4.48,5.44,0.1823
57,4.56,5.52,0.1749
58,4.64,5.60,0.1445
59,4.72,5.68,0.0870
60,4.80,5.76,0.1855
61,4.88,5.84,0.0651
62,4.96,5.92,0.5112
63,5.04,6.00,0.5566
64,5.12,6.08,0.1402
65,5.20,6.16,0.1270
66,5.28,6.24,0.2076
67,5.36,6.32,0.1027
68,5.44,6.40,0.0155
69,5.52,6.48,0.0054
70,5.60,6.56,0.0142
71,5.68,6.64,0.0022
72,5.76,6.72,0.0007
73,5.84,6.80,0.0028
74,5.92,6.88,0.0035
75,6.00,6.96,0.0024
76,6.08,7.04,0.0023
77,6.16,7.12,0.0007
78,6.24,7.20,0.0026
79,6.32,7.28,0.0017
80,6.40,7.36,0.0016
81,6.48,7.44,0.0044
82,6.56,7.52,0.0049
83,6.64,7.60,0.0031
84,6.72,7.68,0.0005
85,6.80,7.76,0.0017
86,6.88,7.84,0.0034
87,6.96,7.92,0.0029
88,7.04,8.00,0.0014
89,7.12,8.08,0.0027
90,7.20,8.16,0.0076
91,7.28,8.24,0.0112
92,7.36,8.32,0.0849
93,7.44,8.40,0.1445
94,7.52,8.48,0.0964
95,7.60,8.56,0.1642
96,7.68,8.64,0.1260
97,7.76,8.72,0.1008
98,7.84,8.80,0.2804
99,7.92,8.88,0.0770
100,8.00,8.96,0.0659
101,8.08,9.04,0.1922
102,8.16,9.12,0.1850
103,8.24,9.20,0.0908
104,8.32,9.28,0.0109
105,8.40,9.36,0.0010
106,8.48,9.44,0.0213
107,8.56,9.52,0.0324
108,8.64,9.60,0.0165
109,8.72,9.68,0.0278
110,8.80,9.76,0.0097
111,8.88,9.84,0.0088
112,8.96,9.92,0.0045
113,9.04,10.00,0.0017
