0,0.00,0.96,0.0037
1,0.08,1.04,0.0073
2,0.16,1.12,0.0073
3,0.24,1.20,0.0145
4,0.32,1.28,0.0438
5,0.40,1.36,0.0716
6,0.48,1.44,0.1974
7,0.56,1.52,0.6604
8,0.64,1.60,0.9226
9,0.72,1.68,0.9685
10,0.80,1.76,0.9812
11,0.88,1.84,0.9896
12,0.96,1.92,0.9956
13,1.04,2.00,0.9951
14,1.12,2.08,0.9974
15,1.20,2.16,0.9898
16,1.28,2.24,0.9681
17,1.36,2.32,0.8288
18,1.44,2.40,0.5570
19,1.52,2.48,0.1258
20,1.60,2.56,0.1123
21,1.68,2.64,0.0144
22,1.76,2.72,0.0256
23,1.84,2.80,0.0194
24,1.92,2.88,0.0229
25,2.00,2.96,0.0420
26,2.08,3.04,0.0512
27,2.16,3.12,0.0238
28,2.24,3.20,0.0280
29,2.32,3.28,0.0666
30,2.40,3.36,0.0269
31,2.48,3.44,0.0743
32,2.56,3.52,0.0618
33,2.64,3.60,0.0330
34,2.72,3.68,0.0150
35,2.80,3.76,0.0122
36,2.88,3.84,0.0043
37,2.96,3.92,0.0070
38,3.04,4.00,0.0195
39,3.12,4.08,0.0478
40,3.20,4.16,0.3531
41,3.28,4.24,0.7508
42,3.36,4.32,0.9162
43,3.44,4.40,0.9728
44,3.52,4.48,0.9914
45,3.60,4.56,0.9948
46,3.68,4.64,0.9932
47,3.76,4.72,0.9946
48,3.84,4.80,0.9950
49,3.92,4.88,0.9908
50,4.00,4.96,0.9911
51,4.08,5.04,0.9949
52,4.16,5.12,0.9967
53,4.24,5.20,0.9962
54,4.32,5.28,0.9975
55,4.40,5.36,0.9944
56,4.48,5.44,0.9850
57,4.56,5.52,0.9636
58,4.64,5.60,0.9534
59,4.72,5.68,0.8096
60,4.80,5.76,0.3814
61,4.88,5.84,0.2448
62,4.96,5.92,0.0606
63,5.04,6.00,0.0891
64,5.12,6.08,0.0320
65,5.20,6.16,0.0126
66,5.28,6.24,0.0106
67,5.36,6.32,0.0089
68,5.44,6.40,0.0055
69,5.52,6.48,0.0288
70,5.60,6.56,0.0277
71,5.68,6.64,0.0293
72,5.76,6.72,0.0177
73,5.84,6.80,0.0109
74,5.92,6.88,0.0195
75,6.00,6.96,0.0061
76,6.08,7.04,0.0033
77,6.16,7.12,0.0035
78,6.24,7.20,0.0096
79,6.32,7.28,0.0076
80,6.40,7.36,0.0101
81,6.48,7.44,0.0105
82,6.56,7.52,0.0261
83,6.64,7.60,0.0133
84,6.72,7.68,0.0489
85,6.80,7.76,0.1301
86,6.88,7.84,0.5458
87,6.96,7.92,0.7721
88,7.04,8.00,0.9429
89,7.12,8.08,0.9826
90,7.20,8.16,0.9872
91,7.28,8.24,0.9852
92,7.36,8.32,0.9867
93,7.44,8.40,0.9909
94,7.52,8.48,0.9884
95,7.60,8.56,0.9890
96,7.68,8.64,0.9734
97,7.76,8.72,0.9781
98,7.84,8.80,0.9919
99,7.92,8.88,0.9956
100,8.00,8.96,0.9956
101,8.08,9.04,0.9964
102,8.16,9.12,0.9942
103,8.24,9.20,0.9981
104,8.32,9.28,0.9994
105,8.40,9.36,0.9992
106,8.48,9.44,0.9998
107,8.56,9.52,0.9994
108,8.64,9.60,0.9983
109,8.72,9.68,0.9970
110,8.80,9.76,0.9966
111,8.88,9.84,0.9992
112,8.96,9.92,0.9987
113,9.04,10.00,0.9974
