0,0.00,0.96,0.9746
1,0.08,1.04,0.9836
2,0.16,1.12,0.9524
3,0.24,1.20,0.8291
4,0.32,1.28,0.6226
5,0.40,1.36,0.9422
6,0.48,1.44,0.8733
7,0.56,1.52,0.8587
8,0.64,1.60,0.9913
9,0.72,1.68,0.9776
10,0.80,1.76,0.9861
11,0.88,1.84,0.9959
12,0.96,1.92,0.9984
13,1.04,2.00,0.9881
14,1.12,2.08,0.9721
15,1.20,2.16,0.9826
16,1.28,2.24,0.9982
17,1.36,2.32,0.9933
18,1.44,2.40,0.9862
19,1.52,2.48,0.9914
20,1.60,2.56,0.9953
21,1.68,2.64,0.9973
22,1.76,2.72,0.9900
23,1.84,2.80,0.9801
24,1.92,2.88,0.9854
25,2.00,2.96,0.9965
26,2.08,3.04,0.9924
27,2.16,3.12,0.9850
28,2.24,3.20,0.8863
29,2.32,3.28,0.9635
30,2.40,3.36,0.8685
31,2.48,3.44,0.8330
32,2.56,3.52,0.5186
33,2.64,3.60,0.2636
34,2.72,3.68,0.0267
35,2.80,3.76,0.0020
36,2.88,3.84,0.0143
37,2.96,3.92,0.0182
38,3.04,4.00,0.0257
39,3.12,4.08,0.0064
40,3.20,4.16,0.0031
41,3.28,4.24,0.0167
42,3.36,4.32,0.1274
43,3.44,4.40,0.0497
44,3.52,4.48,0.0938
45,3.60,4.56,0.0927
46,3.68,4.64,0.0657
47,3.76,4.72,0.3416
48,3.84,4.80,0.1492
49,3.92,4.88,0.3459
50,4.00,4.96,0.3219
51,4.08,5.04,0.2253
52,4.16,5.12,0.5273
53,4.24,5.20,0.5213
54,4.32,5.28,0.4470
55,4.40,5.36,0.8072
56,4.48,5.44,0.9423
57,4.56,5.52,0.9830
58,4.64,5.60,0.3479
59,4.72,5.68,0.7045
60,4.80,5.76,0.8768
61,4.88,5.84,0.9344
62,4.96,5.92,0.9823
63,5.04,6.00,0.9907
64,5.12,6.08,0.9963
65,5.20,6.16,0.9940
66,5.28,6.24,0.9988
67,5.36,6.32,0.9992
68,5.44,6.40,0.9992
69,5.52,6.48,0.9992
70,5.60,6.56,0.9996
71,5.68,6.64,0.9998
72,5.76,6.72,0.9994
73,5.84,6.80,0.9996
74,5.92,6.88,0.9994
75,6.00,6.96,0.9999
76,6.08,7.04,0.9999
77,6.16,7.12,0.9995
78,6.24,7.20,0.9999
79,6.32,7.28,0.9977
80,6.40,7.36,0.9984
81,6.48,7.44,0.9944
82,6.56,7.52,0.9992
83,6.64,7.60,0.9990
84,6.72,7.68,0.9956
85,6.80,7.76,0.9924
86,6.88,7.84,0.9802
87,6.96,7.92,0.9736
88,7.04,8.00,0.9660
89,7.12,8.08,0.9336
90,7.20,8.16,0.9634
91,7.28,8.24,0.9803
92,7.36,8.32,0.9360
93,7.44,8.40,0.6603
94,7.52,8.48,0.7220
95,7.60,8.56,0.7321
96,7.68,8.64,0.7051
97,7.76,8.72,0.5637
98,7.84,8.80,0.6908
99,7.92,8.88,0.6411
100,8.00,8.96,0.9234
101,8.08,9.04,0.9909
102,8.16,9.12,0.7223
103,8.24,9.20,0.0771
104,8.32,9.28,0.0639
105,8.40,9.36,0.0955
106,8.48,9.44,0.0709
107,8.56,9.52,0.1360
108,8.64,9.60,0.1025
109,8.72,9.68,0.0720
110,8.80,9.76,0.0948
111,8.88,9.84,0.2321
112,8.96,9.92,0.7683
113,9.04,10.00,0.8526
