0,0.00,0.96,0.9298
1,0.08,1.04,0.9481
2,0.16,1.12,0.9172
3,0.24,1.20,0.9317
4,0.32,1.28,0.9923
5,0.40,1.36,0.9909
6,0.48,1.44,0.9989
7,0.56,1.52,0.9974
8,0.64,1.60,0.9993
9,0.72,1.68,0.9934
10,0.80,1.76,0.9903
11,0.88,1.84,0.9826
12,0.96,1.92,0.9960
13,1.04,2.00,0.9932
14,1.12,2.08,0.8593
15,1.20,2.16,0.3986
16,1.28,2.24,0.0911
17,1.36,2.32,0.1080
18,1.44,2.40,0.0989
19,1.52,2.48,0.0333
20,1.60,2.56,0.0123
21,1.68,2.64,0.0239
22,1.76,2.72,0.0074
23,1.84,2.80,0.0148
24,1.92,2.88,0.0236
25,2.00,2.96,0.0180
26,2.08,3.04,0.0283
27,2.16,3.12,0.0303
28,2.24,3.20,0.0470
29,2.32,3.28,0.0109
30,2.40,3.36,0.0236
31,2.48,3.44,0.0645
32,2.56,3.52,0.0721
33,2.64,3.60,0.1022
34,2.72,3.68,0.0696
35,2.80,3.76,0.1292
36,2.88,3.84,0.1004
37,2.96,3.92,0.0283
38,3.04,4.00,0.0903
39,3.12,4.08,0.0318
40,3.20,4.16,0.1333
41,3.28,4.24,0.2931
42,3.36,4.32,0.5427
43,3.44,4.40,0.8588
44,3.52,4.48,0.9008
45,3.60,4.56,0.9742
46,3.68,4.64,0.9838
47,3.76,4.72,0.9742
48,3.84,4.80,0.9944
49,3.92,4.88,0.9948
50,4.00,4.96,0.9969
51,4.08,5.04,0.9991
52,4.16,5.12,0.9996
53,4.24,5.20,0.9996
54,4.32,5.28,0.9989
55,4.40,5.36,0.9929
56,4.48,5.44,0.9937
57,4.56,5.52,0.9977
58,4.64,5.60,0.9978
59,4.72,5.68,0.9087
60,4.80,5.76,0.9743
61,4.88,5.84,0.9915
62,4.96,5.92,0.9880
63,5.04,6.00,0.9957
64,5.12,6.08,0.9973
65,5.20,6.16,0.9928
66,5.28,6.24,0.9979
67,5.36,6.32,0.9894
68,5.44,6.40,0.9888
69,5.52,6.48,0.9870
70,5.60,6.56,0.9715
71,5.68,6.64,0.9818
72,5.76,6.72,0.9944
73,5.84,6.80,0.9967
74,5.92,6.88,0.9941
75,6.00,6.96,0.8505
76,6.08,7.04,0.2698
77,6.16,7.12,0.1305
78,6.24,7.20,0.0523
79,6.32,7.28,0.0165
80,6.40,7.36,0.0826
81,6.48,7.44,0.0627
82,6.56,7.52,0.0853
83,6.64,7.60,0.1634
84,6.72,7.68,0.1200
85,6.80,7.76,0.5760
86,6.88,7.84,0.1890
87,6.96,7.92,0.0741
88,7.04,8.00,0.0235
89,7.12,8.08,0.1063
90,7.20,8.16,0.1642
91,7.28,8.24,0.0692
92,7.36,8.32,0.0241
93,7.44,8.40,0.0918
94,7.52,8.48,0.0991
95,7.60,8.56,0.2554
96,7.68,8.64,0.1598
97,7.76,8.72,0.1753
98,7.84,8.80,0.1626
99,7.92,8.88,0.0782
100,8.00,8.96,0.0916
101,8.08,9.04,0.0591
102,8.16,9.12,0.2756
103,8.24,9.20,0.7596
104,8.32,9.28,0.9659
105,8.40,9.36,0.9923
106,8.48,9.44,0.9945
107,8.56,9.52,0.9991
108,8.64,9.60,0.9995
109,8.72,9.68,0.9998
110,8.80,9.76,0.9999
111,8.88,9.84,0.9997
112,8.96,9.92,0.9996
113,9.04,10.00,0.9996
