0,0.00,0.96,0.5983
1,0.08,1.04,0.7550
2,0.16,1.12,0.5073
3,0.24,1.20,0.3930
4,0.32,1.28,0.2214
5,0.40,1.36,0.1904
6,0.48,1.44,0.1705
7,0.56,1.52,0.1004
8,0.64,1.60,0.0200
9,0.72,1.68,0.0120
10,0.80,1.76,0.0211
11,0.88,1.84,0.0202
12,0.96,1.92,0.0222
13,1.04,2.00,0.0194
14,1.12,2.08,0.0255
15,1.20,2.16,0.1305
16,1.28,2.24,0.0847
17,1.36,2.32,0.1734
18,1.44,2.40,0.1684
19,1.52,2.48,0.1547
20,1.60,2.56,0.0651
21,1.68,2.64,0.0354
22,1.76,2.72,0.0252
23,1.84,2.80,0.0129
24,1.92,2.88,0.0143
25,2.00,2.96,0.0180
26,2.08,3.04,0.0761
27,2.16,3.12,0.0678
28,2.24,3.20,0.0135
29,2.32,3.28,0.0319
30,2.40,3.36,0.0243
31,2.48,3.44,0.0897
32,2.56,3.52,0.1669
33,2.64,3.60,0.0781
34,2.72,3.68,0.0937
35,2.80,3.76,0.0447
36,2.88,3.84,0.0369
37,2.96,3.92,0.0503
38,3.04,4.00,0.0860
39,3.12,4.08,0.1130
40,3.20,4.16,0.0824
41,3.28,4.24,0.2787
42,3.36,4.32,0.1369
43,3.44,4.40,0.0308
44,3.52,4.48,0.0100
45,3.60,4.56,0.0314
46,3.68,4.64,0.0262
47,3.76,4.72,0.0267
48,3.84,4.80,0.0166
49,3.92,4.88,0.0120
50,4.00,4.96,0.0073
51,4.08,5.04,0.0120
52,4.16,5.12,0.0120
53,4.24,5.20,0.0174
54,4.32,5.28,0.0219
55,4.40,5.36,0.0153
56,4.48,5.44,0.0055
57,4.56,5.52,0.0023
58,4.64,5.60,0.0292
59,4.72,5.68,0.0723
60,4.80,5.76,0.1312
61,4.88,5.84,0.0565
62,4.96,5.92,0.0447
63,5.04,6.00,0.0207
64,5.12,6.08,0.0078
65,5.20,6.16,0.0059
66,5.28,6.24,0.0188
67,5.36,6.32,0.0331
68,5.44,6.40,0.0145
69,5.52,6.48,0.0121
70,5.60,6.56,0.0241
71,5.68,6.64,0.0187
72,5.76,6.72,0.0283
73,5.84,6.80,0.0576
74,5.92,6.88,0.1122
75,6.00,6.96,0.1831
76,6.08,7.04,0.1584
77,6.16,7.12,0.1406
78,6.24,7.20,0.0749
79,6.32,7.28,0.0263
80,6.40,7.36,0.0251
81,6.48,7.44,0.0395
82,6.56,7.52,0.0108
83,6.64,7.60,0.0116
84,6.72,7.68,0.0177
85,6.80,7.76,0.0040
86,6.88,7.84,0.0040
87,6.96,7.92,0.0169
88,7.04,8.00,0.0249
89,7.12,8.08,0.0060
90,7.20,8.16,0.0119
91,7.28,8.24,0.0074
92,7.36,8.32,0.0143
93,7.44,8.40,0.0090
94,7.52,8.48,0.0098
95,7.60,8.56,0.0074
96,7.68,8.64,0.0087
97,7.76,8.72,0.0066
98,7.84,8.80,0.0068
99,7.92,8.88,0.0035
100,8.00,8.96,0.0068
101,8.08,9.04,0.0092
102,8.16,9.12,0.0032
103,8.24,9.20,0.0092
104,8.32,9.28,0.0091
105,8.40,9.36,0.0115
106,8.48,9.44,0.0214
107,8.56,9.52,0.0256
108,8.64,9.60,0.0528
109,8.72,9.68,0.0343
110,8.80,9.76,0.0607
111,8.88,9.84,0.0512
112,8.96,9.92,0.0581
113,9.04,10.00,0.0599
