0,0.00,0.96,0.9995
1,0.08,1.04,0.9992
2,0.16,1.12,0.9992
3,0.24,1.20,0.9993
4,0.32,1.28,0.9992
5,0.40,1.36,0.9993
6,0.48,1.44,0.9990
7,0.56,1.52,0.9990
8,0.64,1.60,0.9993
9,0.72,1.68,0.9995
10,0.80,1.76,0.9996
11,0.88,1.84,0.9996
12,0.96,1.92,0.9995
13,1.04,2.00,0.9994
14,1.12,2.08,0.9987
15,1.20,2.16,0.9981
16,1.28,2.24,0.9983
17,1.36,2.32,0.9984
18,1.44,2.40,0.9991
19,1.52,2.48,0.9994
20,1.60,2.56,0.9992
21,1.68,2.64,0.9994
22,1.76,2.72,0.9992
23,1.84,2.80,0.9993
24,1.92,2.88,0.9994
25,2.00,2.96,0.9996
26,2.08,3.04,0.9994
27,2.16,3.12,0.9995
28,2.24,3.20,0.9990
29,2.32,3.28,0.9994
30,2.40,3.36,0.9992
31,2.48,3.44,0.9987
32,2.56,3.52,0.9933
33,2.64,3.60,0.9713
34,2.72,3.68,0.9017
35,2.80,3.76,0.5014
36,2.88,3.84,0.1512
37,2.96,3.92,0.0318
38,3.04,4.00,0.0137
39,3.12,4.08,0.0069
40,3.20,4.16,0.0036
41,3.28,4.24,0.0036
42,3.36,4.32,0.0061
43,3.44,4.40,0.0064
44,3.52,4.48,0.0055
45,3.60,4.56,0.0115
46,3.68,4.64,0.0162
47,3.76,4.72,0.0237
48,3.84,4.80,0.0406
49,3.92,4.88,0.1182
50,4.00,4.96,0.3893
51,4.08,5.04,0.5966
52,4.16,5.12,0.9132
53,4.24,5.20,0.9813
54,4.32,5.28,0.9942
55,4.40,5.36,0.9977
56,4.48,5.44,0.9978
57,4.56,5.52,0.9971
58,4.64,5.60,0.9985
59,4.72,5.68,0.9988
60,4.80,5.76,0.9974
61,4.88,5.84,0.9974
62,4.96,5.92,0.9984
63,5.04,6.00,0.9984
64,5.12,6.08,0.9991
65,5.20,6.16,0.9993
66,5.28,6.24,0.9989
67,5.36,6.32,0.9988
68,5.44,6.40,0.9987
69,5.52,6.48,0.9973
70,5.60,6.56,0.9922
71,5.68,6.64,0.9715
72,5.76,6.72,0.8594
73,5.84,6.80,0.5275
74,5.92,6.88,0.1926
75,6.00,6.96,0.0464
76,6.08,7.04,0.0156
77,6.16,7.12,0.0059
78,6.24,7.20,0.0048
79,6.32,7.28,0.0040
80,6.40,7.36,0.0036
81,6.48,7.44,0.0093
82,6.56,7.52,0.0084
83,6.64,7.60,0.0175
84,6.72,7.68,0.1240
85,6.80,7.76,0.5248
86,6.88,7.84,0.8530
87,6.96,7.92,0.9664
88,7.04,8.00,0.9899
89,7.12,8.08,0.9973
90,7.20,8.16,0.9989
91,7.28,8.24,0.9994
92,7.36,8.32,0.9989
93,7.44,8.40,0.9982
94,7.52,8.48,0.9975
95,7.60,8.56,0.9986
96,7.68,8.64,0.9989
97,7.76,8.72,0.9990
98,7.84,8.80,0.9990
99,7.92,8.88,0.9990
100,8.00,8.96,0.9986
101,8.08,9.04,0.9989
102,8.16,9.12,0.9988
103,8.24,9.20,0.9983
104,8.32,9.28,0.9988
105,8.40,9.36,0.9986
106,8.48,9.44,0.9988
107,8.56,9.52,0.9988
108,8.64,9.60,0.9992
109,8.72,9.68,0.9992
110,8.80,9.76,0.9989
111,8.88,9.84,0.9990
112,8.96,9.92,0.9991
113,9.04,10.00,0.9992
