0,0.00,0.96,0.3459
1,0.08,1.04,0.1962
2,0.16,1.12,0.0968
3,0.24,1.20,0.0661
4,0.32,1.28,0.1041
5,0.40,1.36,0.0238
6,0.48,1.44,0.0456
7,0.56,1.52,0.0613
8,0.64,1.60,0.0057
9,0.72,1.68,0.0828
10,0.80,1.76,0.3464
11,0.88,1.84,0.1032
12,0.96,1.92,0.0254
13,1.04,2.00,0.0592
14,1.12,2.08,0.0208
15,1.20,2.16,0.3418
16,1.28,2.24,0.4590
17,1.36,2.32,0.9610
18,1.44,2.40,0.9406
19,1.52,2.48,0.9641
20,1.60,2.56,0.9954
21,1.68,2.64,0.9918
22,1.76,2.72,0.9932
23,1.84,2.80,0.9980
24,1.92,2.88,0.9931
25,2.00,2.96,0.9500
26,2.08,3.04,0.7068
27,2.16,3.12,0.8442
28,2.24,3.20,0.8650
29,2.32,3.28,0.9367
30,2.40,3.36,0.8171
31,2.48,3.44,0.2674
32,2.56,3.52,0.0151
33,2.64,3.60,0.5612
34,2.72,3.68,0.6894
35,2.80,3.76,0.6855
36,2.88,3.84,0.7361
37,2.96,3.92,0.2943
38,3.04,4.00,0.2065
39,3.12,4.08,0.8640
40,3.20,4.16,0.9605
41,3.28,4.24,0.9274
42,3.36,4.32,0.8164
43,3.44,4.40,0.8277
44,3.52,4.48,0.8603
45,3.60,4.56,0.9935
46,3.68,4.64,0.9897
47,3.76,4.72,0.9459
48,3.84,4.80,0.9518
49,3.92,4.88,0.9709
50,4.00,4.96,0.8692
51,4.08,5.04,0.9435
52,4.16,5.12,0.9902
53,4.24,5.20,0.9905
54,4.32,5.28,0.9690
55,4.40,5.36,0.9443
56,4.48,5.44,0.7014
57,4.56,5.52,0.7824
58,4.64,5.60,0.9007
59,4.72,5.68,0.7952
60,4.80,5.76,0.9880
61,4.88,5.84,0.9952
62,4.96,5.92,0.9363
63,5.04,6.00,0.6436
64,5.12,6.08,0.4877
65,5.20,6.16,0.9428
66,5.28,6.24,0.9850
67,5.36,6.32,0.9981
68,5.44,6.40,0.9970
69,5.52,6.48,0.9941
70,5.60,6.56,0.9621
71,5.68,6.64,0.9785
72,5.76,6.72,0.9726
73,5.84,6.80,0.9651
74,5.92,6.88,0.9962
75,6.00,6.96,0.9936
76,6.08,7.04,0.9986
77,6.16,7.12,0.9808
78,6.24,7.20,0.9994
79,6.32,7.28,0.9979
80,6.40,7.36,0.9982
81,6.48,7.44,0.9984
82,6.56,7.52,0.9871
83,6.64,7.60,0.9825
84,6.72,7.68,0.9718
85,6.80,7.76,0.7044
86,6.88,7.84,0.2108
87,6.96,7.92,0.1154
88,7.04,8.00,0.0633
89,7.12,8.08,0.2502
90,7.20,8.16,0.3457
91,7.28,8.24,0.2241
92,7.36,8.32,0.3040
93,7.44,8.40,0.0182
94,7.52,8.48,0.0097
95,7.60,8.56,0.0188
96,7.68,8.64,0.0886
97,7.76,8.72,0.0968
98,7.84,8.80,0.3774
99,7.92,8.88,0.5272
100,8.00,8.96,0.2338
101,8.08,9.04,0.1461
102,8.16,9.12,0.1814
103,8.24,9.20,0.0811
104,8.32,9.28,0.3636
105,8.40,9.36,0.0732
106,8.48,9.44,0.0957
107,8.56,9.52,0.1882
108,8.64,9.60,0.0986
109,8.72,9.68,0.0444
110,8.80,9.76,0.0490
111,8.88,9.84,0.1964
112,8.96,9.92,0.1824
113,9.04,10.00,0.1273
