0,0.00,0.96,0.6649
1,0.08,1.04,0.4816
2,0.16,1.12,0.7342
3,0.24,1.20,0.9838
4,0.32,1.28,0.9856
5,0.40,1.36,0.8663
6,0.48,1.44,0.7039
7,0.56,1.52,0.6928
8,0.64,1.60,0.6194
9,0.72,1.68,0.6714
10,0.80,1.76,0.6941
11,0.88,1.84,0.9390
12,0.96,1.92,0.8029
13,1.04,2.00,0.1771
14,1.12,2.08,0.3924
15,1.20,2.16,0.6615
16,1.28,2.24,0.5282
17,1.36,2.32,0.2792
18,1.44,2.40,0.3977
19,1.52,2.48,0.2293
20,1.60,2.56,0.0096
21,1.68,2.64,0.0319
22,1.76,2.72,0.1253
23,1.84,2.80,0.5155
24,1.92,2.88,0.1688
25,2.00,2.96,0.1980
26,2.08,3.04,0.2539
27,2.16,3.12,0.2889
28,2.24,3.20,0.3670
29,2.32,3.28,0.4411
30,2.40,3.36,0.5898
31,2.48,3.44,0.8414
32,2.56,3.52,0.9673
33,2.64,3.60,0.8375
34,2.72,3.68,0.7149
35,2.80,3.76,0.4398
36,2.88,3.84,0.1845
37,2.96,3.92,0.0179
38,3.04,4.00,0.0347
39,3.12,4.08,0.1455
40,3.20,4.16,0.2465
41,3.28,4.24,0.4870
42,3.36,4.32,0.8394
43,3.44,4.40,0.9898
44,3.52,4.48,0.9829
45,3.60,4.56,0.9132
46,3.68,4.64,0.9237
47,3.76,4.72,0.9960
48,3.84,4.80,0.9661
49,3.92,4.88,0.9872
50,4.00,4.96,0.9973
51,4.08,5.04,0.8627
52,4.16,5.12,0.9412
53,4.24,5.20,0.9781
54,4.32,5.28,0.9620
55,4.40,5.36,0.8880
56,4.48,5.44,0.7400
57,4.56,5.52,0.5956
58,4.64,5.60,0.4087
59,4.72,5.68,0.1795
60,4.80,5.76,0.0811
61,4.88,5.84,0.2756
62,4.96,5.92,0.0301
63,5.04,6.00,0.0019
64,5.12,6.08,0.0187
65,5.20,6.16,0.0153
66,5.28,6.24,0.0104
67,5.36,6.32,0.0122
68,5.44,6.40,0.0228
69,5.52,6.48,0.0127
70,5.60,6.56,0.0363
71,5.68,6.64,0.0096
72,5.76,6.72,0.0088
73,5.84,6.80,0.0005
74,5.92,6.88,0.0072
75,6.00,6.96,0.0084
76,6.08,7.04,0.0334
77,6.16,7.12,0.0742
78,6.24,7.20,0.1614
79,6.32,7.28,0.1722
80,6.40,7.36,0.3555
81,6.48,7.44,0.1829
82,6.56,7.52,0.0992
83,6.64,7.60,0.2861
84,6.72,7.68,0.3467
85,6.80,7.76,0.9406
86,6.88,7.84,0.9779
87,6.96,7.92,0.9433
88,7.04,8.00,0.9291
89,7.12,8.08,0.9500
90,7.20,8.16,0.9496
91,7.28,8.24,0.9690
92,7.36,8.32,0.9718
93,7.44,8.40,0.8047
94,7.52,8.48,0.1929
95,7.60,8.56,0.2639
96,7.68,8.64,0.6701
97,7.76,8.72,0.6688
98,7.84,8.80,0.9574
99,7.92,8.88,0.9570
100,8.00,8.96,0.9946
101,8.08,9.04,0.9986
102,8.16,9.12,0.9995
103,8.24,9.20,0.9926
104,8.32,9.28,0.9893
105,8.40,9.36,0.9971
106,8.48,9.44,0.9941
107,8.56,9.52,0.9903
108,8.64,9.60,0.7258
109,8.72,9.68,0.9425
110,8.80,9.76,0.5107
111,8.88,9.84,0.0185
112,8.96,9.92,0.0100
113,9.04,10.00,0.0003
