0,0.00,0.96,0.0457
1,0.08,1.04,0.1263
2,0.16,1.12,0.1174
3,0.24,1.20,0.1286
4,0.32,1.28,0.0804
5,0.40,1.36,0.0368
6,0.48,1.44,0.0262
7,0.56,1.52,0.0170
8,0.64,1.60,0.0579
9,0.72,1.68,0.0706
10,0.80,1.76,0.1678
11,0.88,1.84,0.1772
12,0.96,1.92,0.1191
13,1.04,2.00,0.0397
14,1.12,2.08,0.0348
15,1.20,2.16,0.0237
16,1.28,2.24,0.0483
17,1.36,2.32,0.0509
18,1.44,2.40,0.2013
19,1.52,2.48,0.7552
20,1.60,2.56,0.9347
21,1.68,2.64,0.9882
22,1.76,2.72,0.9966
23,1.84,2.80,0.9994
24,1.92,2.88,0.9995
25,2.00,2.96,0.9995
26,2.08,3.04,0.9992
27,2.16,3.12,0.9982
28,2.24,3.20,0.9952
29,2.32,3.28,0.9979
30,2.40,3.36,0.9953
31,2.48,3.44,0.9969
32,2.56,3.52,0.9964
33,2.64,3.60,0.9954
34,2.72,3.68,0.9758
35,2.80,3.76,0.8341
36,2.88,3.84,0.5680
37,2.96,3.92,0.1812
38,3.04,4.00,0.0262
39,3.12,4.08,0.0432
40,3.20,4.16,0.0140
41,3.28,4.24,0.0061
42,3.36,4.32,0.0059
43,3.44,4.40,0.0153
44,3.52,4.48,0.0035
45,3.60,4.56,0.0097
46,3.68,4.64,0.0056
47,3.76,4.72,0.0077
48,3.84,4.80,0.0054
49,3.92,4.88,0.0237
50,4.00,4.96,0.0279
51,4.08,5.04,0.0273
52,4.16,5.12,0.0574
53,4.24,5.20,0.2041
54,4.32,5.28,0.5847
55,4.40,5.36,0.9018
56,4.48,5.44,0.9725
57,4.56,5.52,0.9756
58,4.64,5.60,0.9862
59,4.72,5.68,0.9941
60,4.80,5.76,0.9917
61,4.88,5.84,0.9953
62,4.96,5.92,0.9954
63,5.04,6.00,0.9948
64,5.12,6.08,0.9977
65,5.20,6.16,0.9917
66,5.28,6.24,0.9887
67,5.36,6.32,0.9958
68,5.44,6.40,0.9987
69,5.52,6.48,0.9996
70,5.60,6.56,0.9994
71,5.68,6.64,0.9993
72,5.76,6.72,0.9994
73,5.84,6.80,0.9996
74,5.92,6.88,0.9995
75,6.00,6.96,0.9996
76,6.08,7.04,0.9995
77,6.16,7.12,0.9995
78,6.24,7.20,0.9985
79,6.32,7.28,0.9977
80,6.40,7.36,0.9962
81,6.48,7.44,0.9915
82,6.56,7.52,0.9781
83,6.64,7.60,0.9762
84,6.72,7.68,0.9685
85,6.80,7.76,0.9506
86,6.88,7.84,0.9102
87,6.96,7.92,0.7370
88,7.04,8.00,0.3324
89,7.12,8.08,0.0613
90,7.20,8.16,0.0395
91,7.28,8.24,0.0171
92,7.36,8.32,0.0088
93,7.44,8.40,0.0075
94,7.52,8.48,0.0051
95,7.60,8.56,0.0042
96,7.68,8.64,0.0038
97,7.76,8.72,0.0051
98,7.84,8.80,0.0181
99,7.92,8.88,0.0693
100,8.00,8.96,0.4565
101,8.08,9.04,0.8833
102,8.16,9.12,0.9899
103,8.24,9.20,0.9971
104,8.32,9.28,0.9988
105,8.40,9.36,0.9986
106,8.48,9.44,0.9992
107,8.56,9.52,0.9983
108,8.64,9.60,0.9945
109,8.72,9.68,0.9981
110,8.80,9.76,0.9948
111,8.88,9.84,0.9962
112,8.96,9.92,0.9931
113,9.04,10.00,0.9970
