0,0.00,0.96,0.9020
1,0.08,1.04,0.9861
2,0.16,1.12,0.9374
3,0.24,1.20,0.9207
4,0.32,1.28,0.8738
5,0.40,1.36,0.5398
6,0.48,1.44,0.8738
7,0.56,1.52,0.8658
8,0.64,1.60,0.9655
9,0.72,1.68,0.9815
10,0.80,1.76,0.9910
11,0.88,1.84,0.9850
12,0.96,1.92,0.9693
13,1.04,2.00,0.9771
14,1.12,2.08,0.9923
15,1.20,2.16,0.9913
16,1.28,2.24,0.9811
17,1.36,2.32,0.9432
18,1.44,2.40,0.9664
19,1.52,2.48,0.9529
20,1.60,2.56,0.9619
21,1.68,2.64,0.9620
22,1.76,2.72,0.9535
23,1.84,2.80,0.9739
24,1.92,2.88,0.9875
25,2.00,2.96,0.9984
26,2.08,3.04,0.9989
27,2.16,3.12,0.9997
28,2.24,3.20,0.9985
29,2.32,3.28,0.9879
30,2.40,3.36,0.9879
31,2.48,3.44,0.9947
32,2.56,3.52,0.9958
33,2.64,3.60,0.9970
34,2.72,3.68,0.8494
35,2.80,3.76,0.8759
36,2.88,3.84,0.6951
37,2.96,3.92,0.0963
38,3.04,4.00,0.0863
39,3.12,4.08,0.0511
40,3.20,4.16,0.0493
41,3.28,4.24,0.1032
42,3.36,4.32,0.1167
43,3.44,4.40,0.0201
44,3.52,4.48,0.0181
45,3.60,4.56,0.0036
46,3.68,4.64,0.0105
47,3.76,4.72,0.0513
48,3.84,4.80,0.0126
49,3.92,4.88,0.0072
50,4.00,4.96,0.0037
51,4.08,5.04,0.0034
52,4.16,5.12,0.0078
53,4.24,5.20,0.0062
54,4.32,5.28,0.0175
55,4.40,5.36,0.0749
56,4.48,5.44,0.2938
57,4.56,5.52,0.1950
58,4.64,5.60,0.7698
59,4.72,5.68,0.9769
60,4.80,5.76,0.9977
61,4.88,5.84,0.9979
62,4.96,5.92,0.9960
63,5.04,6.00,0.9899
64,5.12,6.08,0.9711
65,5.20,6.16,0.9766
66,5.28,6.24,0.9915
67,5.36,6.32,0.9977
68,5.44,6.40,0.9948
69,5.52,6.48,0.9937
70,5.60,6.56,0.9921
71,5.68,6.64,0.9831
72,5.76,6.72,0.9912
73,5.84,6.80,0.9904
74,5.92,6.88,0.9828
75,6.00,6.96,0.9709
76,6.08,7.04,0.9573
77,6.16,7.12,0.9336
78,6.24,7.20,0.6753
79,6.32,7.28,0.7450
80,6.40,7.36,0.6857
81,6.48,7.44,0.4698
82,6.56,7.52,0.4496
83,6.64,7.60,0.4238
84,6.72,7.68,0.5513
85,6.80,7.76,0.1485
86,6.88,7.84,0.2818
87,6.96,7.92,0.1574
88,7.04,8.00,0.0574
89,7.12,8.08,0.0250
90,7.20,8.16,0.0084
91,7.28,8.24,0.0017
92,7.36,8.32,0.0059
93,7.44,8.40,0.0588
94,7.52,8.48,0.0096
95,7.60,8.56,0.0043
96,7.68,8.64,0.0134
97,7.76,8.72,0.0145
98,7.84,8.80,0.0376
99,7.92,8.88,0.0314
100,8.00,8.96,0.0184
101,8.08,9.04,0.0224
102,8.16,9.12,0.0042
103,8.24,9.20,0.0064
104,8.32,9.28,0.1086
105,8.40,9.36,0.6993
106,8.48,9.44,0.9736
107,8.56,9.52,0.9920
108,8.64,9.60,0.9458
109,8.72,9.68,0.9418
110,8.80,9.76,0.9899
111,8.88,9.84,0.9981
112,8.96,9.92,0.9993
113,9.04,10.00,0.9985
