0,0.00,0.96,0.0612
1,0.08,1.04,0.0458
2,0.16,1.12,0.0535
3,0.24,1.20,0.1162
4,0.32,1.28,0.2484
5,0.40,1.36,0.5714
6,0.48,1.44,0.8029
7,0.56,1.52,0.9598
8,0.64,1.60,0.9559
9,0.72,1.68,0.9639
10,0.80,1.76,0.9610
11,0.88,1.84,0.9849
12,0.96,1.92,0.9852
13,1.04,2.00,0.9935
14,1.12,2.08,0.9768
15,1.20,2.16,0.9625
16,1.28,2.24,0.8909
17,1.36,2.32,0.5931
18,1.44,2.40,0.4228
19,1.52,2.48,0.6061
20,1.60,2.56,0.2646
21,1.68,2.64,0.1632
22,1.76,2.72,0.0456
23,1.84,2.80,0.0140
24,1.92,2.88,0.0092
25,2.00,2.96,0.0092
26,2.08,3.04,0.0109
27,2.16,3.12,0.0169
28,2.24,3.20,0.0093
29,2.32,3.28,0.0139
30,2.40,3.36,0.0450
31,2.48,3.44,0.0268
32,2.56,3.52,0.0351
33,2.64,3.60,0.0672
34,2.72,3.68,0.0511
35,2.80,3.76,0.0926
36,2.88,3.84,0.0386
37,2.96,3.92,0.1098
38,3.04,4.00,0.1679
39,3.12,4.08,0.1890
40,3.20,4.16,0.3607
41,3.28,4.24,0.2480
42,3.36,4.32,0.1381
43,3.44,4.40,0.3178
44,3.52,4.48,0.6748
45,3.60,4.56,0.5905
46,3.68,4.64,0.7265
47,3.76,4.72,0.9411
48,3.84,4.80,0.9739
49,3.92,4.88,0.9928
50,4.00,4.96,0.9976
51,4.08,5.04,0.9967
52,4.16,5.12,0.9975
53,4.24,5.20,0.9969
54,4.32,5.28,0.9908
55,4.40,5.36,0.9804
56,4.48,5.44,0.9677
57,4.56,5.52,0.9809
58,4.64,5.60,0.9830
59,4.72,5.68,0.9749
60,4.80,5.76,0.9440
61,4.88,5.84,0.8778
62,4.96,5.92,0.7591
63,5.04,6.00,0.6592
64,5.12,6.08,0.6126
65,5.20,6.16,0.2613
66,5.28,6.24,0.1471
67,5.36,6.32,0.0666
68,5.44,6.40,0.1353
69,5.52,6.48,0.2744
70,5.60,6.56,0.0332
71,5.68,6.64,0.0768
72,5.76,6.72,0.0497
73,5.84,6.80,0.0708
74,5.92,6.88,0.0691
75,6.00,6.96,0.1388
76,6.08,7.04,0.1076
77,6.16,7.12,0.0277
78,6.24,7.20,0.0232
79,6.32,7.28,0.0323
80,6.40,7.36,0.0255
81,6.48,7.44,0.0505
82,6.56,7.52,0.0738
83,6.64,7.60,0.1071
84,6.72,7.68,0.1590
85,6.80,7.76,0.4160
86,6.88,7.84,0.8104
87,6.96,7.92,0.7840
88,7.04,8.00,0.8790
89,7.12,8.08,0.8020
90,7.20,8.16,0.8566
91,7.28,8.24,0.9667
92,7.36,8.32,0.9408
93,7.44,8.40,0.9770
94,7.52,8.48,0.9980
95,7.60,8.56,0.9992
96,7.68,8.64,0.9988
97,7.76,8.72,0.9991
98,7.84,8.80,0.9962
99,7.92,8.88,0.9857
100,8.00,8.96,0.9878
101,8.08,9.04,0.9920
102,8.16,9.12,0.9965
103,8.24,9.20,0.9927
104,8.32,9.28,0.9906
105,8.40,9.36,0.9837
106,8.48,9.44,0.9564
107,8.56,9.52,0.8839
108,8.64,9.60,0.5948
109,8.72,9.68,0.4692
110,8.80,9.76,0.3664
111,8.88,9.84,0.2219
112,8.96,9.92,0.3062
113,9.04,10.00,0.4779
