0,0.00,0.96,0.2624
1,0.08,1.04,0.4916
2,0.16,1.12,0.7169
3,0.24,1.20,0.6645
4,0.32,1.28,0.5336
5,0.40,1.36,0.7173
6,0.48,1.44,0.4696
7,0.56,1.52,0.4204
8,0.64,1.60,0.4226
9,0.72,1.68,0.2073
10,0.80,1.76,0.1011
11,0.88,1.84,0.0443
12,0.96,1.92,0.0775
13,1.04,2.00,0.1517
14,1.12,2.08,0.0943
15,1.20,2.16,0.0581
16,1.28,2.24,0.0392
17,1.36,2.32,0.0525
18,1.44,2.40,0.0553
19,1.52,2.48,0.0847
20,1.60,2.56,0.1649
21,1.68,2.64,0.1719
22,1.76,2.72,0.1909
23,1.84,2.80,0.1960
24,1.92,2.88,0.1777
25,2.00,2.96,0.1499
26,2.08,3.04,0.2408
27,2.16,3.12,0.0772
28,2.24,3.20,0.1867
29,2.32,3.28,0.1423
30,2.40,3.36,0.1308
31,2.48,3.44,0.1185
32,2.56,3.52,0.0429
33,2.64,3.60,0.0162
34,2.72,3.68,0.0071
35,2.80,3.76,0.0067
36,2.88,3.84,0.0126
37,2.96,3.92,0.0091
38,3.04,4.00,0.0154
39,3.12,4.08,0.0033
40,3.20,4.16,0.0035
41,3.28,4.24,0.0105
42,3.36,4.32,0.0104
43,3.44,4.40,0.0066
44,3.52,4.48,0.0052
45,3.60,4.56,0.0009
46,3.68,4.64,0.0008
47,3.76,4.72,0.0030
48,3.84,4.80,0.0029
49,3.92,4.88,0.0031
50,4.00,4.96,0.0009
51,4.08,5.04,0.0006
52,4.16,5.12,0.0024
53,4.24,5.20,0.0054
54,4.32,5.28,0.0029
55,4.40,5.36,0.0027
56,4.48,5.44,0.0039
57,4.56,5.52,0.0024
58,4.64,5.60,0.0009
59,4.72,5.68,0.0015
60,4.80,5.76,0.0036
61,4.88,5.84,0.0072
62,4.96,5.92,0.0153
63,5.04,6.00,0.0056
64,5.12,6.08,0.0073
65,5.20,6.16,0.0074
66,5.28,6.24,0.0092
67,5.36,6.32,0.0116
68,5.44,6.40,0.0122
69,5.52,6.48,0.0031
70,5.60,6.56,0.0194
71,5.68,6.64,0.0506
72,5.76,6.72,0.0346
73,5.84,6.80,0.0820
74,5.92,6.88,0.0784
75,6.00,6.96,0.0629
76,6.08,7.04,0.0344
77,6.16,7.12,0.0415
78,6.24,7.20,0.0180
79,6.32,7.28,0.0070
80,6.40,7.36,0.0147
81,6.48,7.44,0.0127
82,6.56,7.52,0.0142
83,6.64,7.60,0.0337
84,6.72,7.68,0.0335
85,6.80,7.76,0.0433
86,6.88,7.84,0.0925
87,6.96,7.92,0.0548
88,7.04,8.00,0.1035
89,7.12,8.08,0.0875
90,7.20,8.16,0.1730
91,7.28,8.24,0.2111
92,7.36,8.32,0.2011
93,7.44,8.40,0.0499
94,7.52,8.48,0.0343
95,7.60,8.56,0.0114
96,7.68,8.64,0.0098
97,7.76,8.72,0.0019
98,7.84,8.80,0.0010
99,7.92,8.88,0.0036
100,8.00,8.96,0.0062
101,8.08,9.04,0.0060
102,8.16,9.12,0.0041
103,8.24,9.20,0.0026
104,8.32,9.28,0.0044
105,8.40,9.36,0.0046
106,8.48,9.44,0.0166
107,8.56,9.52,0.0148
108,8.64,9.60,0.0158
109,8.72,9.68,0.0064
110,8.80,9.76,0.0062
111,8.88,9.84,0.0085
112,8.96,9.92,0.0077
113,9.04,10.00,0.0065
