0,0.00,0.96,0.9938
1,0.08,1.04,0.9916
2,0.16,1.12,0.9981
3,0.24,1.20,0.9986
4,0.32,1.28,0.9863
5,0.40,1.36,0.9918
6,0.48,1.44,0.9866
7,0.56,1.52,0.9945
8,0.64,1.60,0.9959
9,0.72,1.68,0.9790
10,0.80,1.76,0.9864
11,0.88,1.84,0.9899
12,0.96,1.92,0.9930
13,1.04,2.00,0.9957
14,1.12,2.08,0.9987
15,1.20,2.16,0.9987
16,1.28,2.24,0.9982
17,1.36,2.32,0.9991
18,1.44,2.40,0.9998
19,1.52,2.48,0.9998
20,1.60,2.56,0.9997
21,1.68,2.64,0.9996
22,1.76,2.72,0.9994
23,1.84,2.80,0.9990
24,1.92,2.88,0.9998
25,2.00,2.96,0.9990
26,2.08,3.04,0.9992
27,2.16,3.12,0.9970
28,2.24,3.20,0.9633
29,2.32,3.28,0.8892
30,2.40,3.36,0.6529
31,2.48,3.44,0.5960
32,2.56,3.52,0.4536
33,2.64,3.60,0.1826
34,2.72,3.68,0.4441
35,2.80,3.76,0.6361
36,2.88,3.84,0.8375
37,2.96,3.92,0.7896
38,3.04,4.00,0.6926
39,3.12,4.08,0.7262
40,3.20,4.16,0.4631
41,3.28,4.24,0.3561
42,3.36,4.32,0.2002
43,3.44,4.40,0.0360
44,3.52,4.48,0.0291
45,3.60,4.56,0.0147
46,3.68,4.64,0.0103
47,3.76,4.72,0.0140
48,3.84,4.80,0.0417
49,3.92,4.88,0.0170
50,4.00,4.96,0.0130
51,4.08,5.04,0.0078
52,4.16,5.12,0.0065
53,4.24,5.20,0.0103
54,4.32,5.28,0.0343
55,4.40,5.36,0.2346
56,4.48,5.44,0.6666
57,4.56,5.52,0.7694
58,4.64,5.60,0.9761
59,4.72,5.68,0.9949
60,4.80,5.76,0.9912
61,4.88,5.84,0.9974
62,4.96,5.92,0.9976
63,5.04,6.00,0.9965
64,5.12,6.08,0.9970
65,5.20,6.16,0.9963
66,5.28,6.24,0.9973
67,5.36,6.32,0.9972
68,5.44,6.40,0.9954
69,5.52,6.48,0.9708
70,5.60,6.56,0.9858
71,5.68,6.64,0.9827
72,5.76,6.72,0.9925
73,5.84,6.80,0.9950
74,5.92,6.88,0.9927
75,6.00,6.96,0.9970
76,6.08,7.04,0.9970
77,6.16,7.12,0.9968
78,6.24,7.20,0.9957
79,6.32,7.28,0.9989
80,6.40,7.36,0.9970
81,6.48,7.44,0.9952
82,6.56,7.52,0.9845
83,6.64,7.60,0.9928
84,6.72,7.68,0.9880
85,6.80,7.76,0.9835
86,6.88,7.84,0.9779
87,6.96,7.92,0.9830
88,7.04,8.00,0.9538
89,7.12,8.08,0.7559
90,7.20,8.16,0.8431
91,7.28,8.24,0.3859
92,7.36,8.32,0.5270
93,7.44,8.40,0.7219
94,7.52,8.48,0.5018
95,7.60,8.56,0.6314
96,7.68,8.64,0.4758
97,7.76,8.72,0.7228
98,7.84,8.80,0.5306
99,7.92,8.88,0.1023
100,8.00,8.96,0.1188
101,8.08,9.04,0.4248
102,8.16,9.12,0.5074
103,8.24,9.20,0.3488
104,8.32,9.28,0.3994
105,8.40,9.36,0.5840
106,8.48,9.44,0.5284
107,8.56,9.52,0.9261
108,8.64,9.60,0.8820
109,8.72,9.68,0.9632
110,8.80,9.76,0.9874
111,8.88,9.84,0.9848
112,8.96,9.92,0.9874
113,9.04,10.00,0.9968
