0,0.00,0.96,0.0192
1,0.08,1.04,0.0522
2,0.16,1.12,0.0136
3,0.24,1.20,0.0101
4,0.32,1.28,0.0050
5,0.40,1.36,0.0035
6,0.48,1.44,0.0043
7,0.56,1.52,0.0016
8,0.64,1.60,0.0019
9,0.72,1.68,0.0041
10,0.80,1.76,0.0030
11,0.88,1.84,0.0019
12,0.96,1.92,0.0030
13,1.04,2.00,0.0045
14,1.12,2.08,0.0065
15,1.20,2.16,0.0073
16,1.28,2.24,0.0194
17,1.36,2.32,0.0434
18,1.44,2.40,0.0356
19,1.52,2.48,0.0303
20,1.60,2.56,0.0415
21,1.68,2.64,0.0309
22,1.76,2.72,0.0420
23,1.84,2.80,0.0957
24,1.92,2.88,0.0868
25,2.00,2.96,0.0420
26,2.08,3.04,0.0425
27,2.16,3.12,0.0277
28,2.24,3.20,0.0171
29,2.32,3.28,0.0142
30,2.40,3.36,0.0130
31,2.48,3.44,0.0090
32,2.56,3.52,0.0067
33,2.64,3.60,0.0162
34,2.72,3.68,0.0226
35,2.80,3.76,0.0250
36,2.88,3.84,0.0194
37,2.96,3.92,0.0091
38,3.04,4.00,0.0140
39,3.12,4.08,0.0124
40,3.20,4.16,0.0086
41,3.28,4.24,0.0086
42,3.36,4.32,0.0071
43,3.44,4.40,0.0192
44,3.52,4.48,0.0405
45,3.60,4.56,0.0624
46,3.68,4.64,0.0810
47,3.76,4.72,0.0726
48,3.84,4.80,0.0317
49,3.92,4.88,0.0211
50,4.00,4.96,0.0201
51,4.08,5.04,0.0179
52,4.16,5.12,0.0287
53,4.24,5.20,0.0533
54,4.32,5.28,0.0561
55,4.40,5.36,0.1168
56,4.48,5.44,0.0785
57,4.56,5.52,0.0762
58,4.64,5.60,0.0773
59,4.72,5.68,0.1276
60,4.80,5.76,0.1152
61,4.88,5.84,0.0954
62,4.96,5.92,0.0304
63,5.04,6.00,0.0143
64,5.12,6.08,0.0178
65,5.20,6.16,0.0042
66,5.28,6.24,0.0067
67,5.36,6.32,0.0067
68,5.44,6.40,0.0039
69,5.52,6.48,0.0026
70,5.60,6.56,0.0074
71,5.68,6.64,0.0136
72,5.76,6.72,0.0105
73,5.84,6.80,0.0097
74,5.92,6.88,0.0062
75,6.00,6.96,0.0063
76,6.08,7.04,0.0043
77,6.16,7.12,0.0044
78,6.24,7.20,0.0120
79,6.32,7.28,0.0120
80,6.40,7.36,0.0089
81,6.48,7.44,0.0071
82,6.56,7.52,0.0141
83,6.64,7.60,0.0174
84,6.72,7.68,0.0340
85,6.80,7.76,0.0231
86,6.88,7.84,0.0478
87,6.96,7.92,0.0349
88,7.04,8.00,0.0437
89,7.12,8.08,0.0434
90,7.20,8.16,0.1103
91,7.28,8.24,0.1147
92,7.36,8.32,0.2424
93,7.44,8.40,0.2418
94,7.52,8.48,0.3046
95,7.60,8.56,0.1784
96,7.68,8.64,0.1204
97,7.76,8.72,0.1104
98,7.84,8.80,0.0804
99,7.92,8.88,0.0493
100,8.00,8.96,0.0219
101,8.08,9.04,0.0130
102,8.16,9.12,0.0171
103,8.24,9.20,0.0250
104,8.32,9.28,0.0136
105,8.40,9.36,0.0078
106,8.48,9.44,0.0046
107,8.56,9.52,0.0070
108,8.64,9.60,0.0041
109,8.72,9.68,0.0064
110,8.80,9.76,0.0080
111,8.88,9.84,0.0056
112,8.96,9.92,0.0117
113,9.04,10.00,0.0048
