0,0.00,0.96,0.3908
1,0.08,1.04,0.7090
2,0.16,1.12,0.4964
3,0.24,1.20,0.6475
4,0.32,1.28,0.2547
5,0.40,1.36,0.0193
6,0.48,1.44,0.1504
7,0.56,1.52,0.1514
8,0.64,1.60,0.0524
9,0.72,1.68,0.0169
10,0.80,1.76,0.1331
11,0.88,1.84,0.2158
12,0.96,1.92,0.5296
13,1.04,2.00,0.2067
14,1.12,2.08,0.1739
15,1.20,2.16,0.2319
16,1.28,2.24,0.0913
17,1.36,2.32,0.0896
18,1.44,2.40,0.0580
19,1.52,2.48,0.2091
20,1.60,2.56,0.0820
21,1.68,2.64,0.4639
22,1.76,2.72,0.8096
23,1.84,2.80,0.8792
24,1.92,2.88,0.9653
25,2.00,2.96,0.9539
26,2.08,3.04,0.8991
27,2.16,3.12,0.9632
28,2.24,3.20,0.9849
29,2.32,3.28,0.9631
30,2.40,3.36,0.9166
31,2.48,3.44,0.9109
32,2.56,3.52,0.8468
33,2.64,3.60,0.9873
34,2.72,3.68,0.9905
35,2.80,3.76,0.9881
36,2.88,3.84,0.9433
37,2.96,3.92,0.9828
38,3.04,4.00,0.9525
39,3.12,4.08,0.8905
40,3.20,4.16,0.9714
41,3.28,4.24,0.9835
42,3.36,4.32,0.5436
43,3.44,4.40,0.6422
44,3.52,4.48,0.7926
45,3.60,4.56,0.7760
46,3.68,4.64,0.8721
47,3.76,4.72,0.3744
48,3.84,4.80,0.0179
49,3.92,4.88,0.0170
50,4.00,4.96,0.0840
51,4.08,5.04,0.0013
52,4.16,5.12,0.0011
53,4.24,5.20,0.0001
54,4.32,5.28,0.0003
55,4.40,5.36,0.0109
56,4.48,5.44,0.0094
57,4.56,5.52,0.0127
58,4.64,5.60,0.0853
59,4.72,5.68,0.1469
60,4.80,5.76,0.1843
61,4.88,5.84,0.6140
62,4.96,5.92,0.7900
63,5.04,6.00,0.8537
64,5.12,6.08,0.8259
65,5.20,6.16,0.7740
66,5.28,6.24,0.9549
67,5.36,6.32,0.9403
68,5.44,6.40,0.9931
69,5.52,6.48,0.9646
70,5.60,6.56,0.9966
71,5.68,6.64,0.9977
72,5.76,6.72,0.9837
73,5.84,6.80,0.9913
74,5.92,6.88,0.9704
75,6.00,6.96,0.9714
76,6.08,7.04,0.9410
77,6.16,7.12,0.9369
78,6.24,7.20,0.9861
79,6.32,7.28,0.9924
80,6.40,7.36,0.9471
81,6.48,7.44,0.7988
82,6.56,7.52,0.8998
83,6.64,7.60,0.9506
84,6.72,7.68,0.8840
85,6.80,7.76,0.9911
86,6.88,7.84,0.9966
87,6.96,7.92,0.9864
88,7.04,8.00,0.9534
89,7.12,8.08,0.9401
90,7.20,8.16,0.9157
91,7.28,8.24,0.9889
92,7.36,8.32,0.9969
93,7.44,8.40,0.9952
94,7.52,8.48,0.9974
95,7.60,8.56,0.9986
96,7.68,8.64,0.9964
97,7.76,8.72,0.9937
98,7.84,8.80,0.9896
99,7.92,8.88,0.9753
100,8.00,8.96,0.6992
101,8.08,9.04,0.2046
102,8.16,9.12,0.0761
103,8.24,9.20,0.0195
104,8.32,9.28,0.0023
105,8.40,9.36,0.0120
106,8.48,9.44,0.0274
107,8.56,9.52,0.0043
108,8.64,9.60,0.0051
109,8.72,9.68,0.0063
110,8.80,9.76,0.0130
111,8.88,9.84,0.0035
112,8.96,9.92,0.0008
113,9.04,10.00,0.0042
