0,0.00,0.96,0.4954
1,0.08,1.04,0.9526
2,0.16,1.12,0.8848
3,0.24,1.20,0.4320
4,0.32,1.28,0.1999
5,0.40,1.36,0.4024
6,0.48,1.44,0.0671
7,0.56,1.52,0.0219
8,0.64,1.60,0.0639
9,0.72,1.68,0.0394
10,0.80,1.76,0.0323
11,0.88,1.84,0.0907
12,0.96,1.92,0.0345
13,1.04,2.00,0.0070
14,1.12,2.08,0.0021
15,1.20,2.16,0.0064
16,1.28,2.24,0.0112
17,1.36,2.32,0.0064
18,1.44,2.40,0.0025
19,1.52,2.48,0.0030
20,1.60,2.56,0.0149
21,1.68,2.64,0.0069
22,1.76,2.72,0.0045
23,1.84,2.80,0.0018
24,1.92,2.88,0.0021
25,2.00,2.96,0.0050
26,2.08,3.04,0.0619
27,2.16,3.12,0.0648
28,2.24,3.20,0.0512
29,2.32,3.28,0.1049
30,2.40,3.36,0.1543
31,2.48,3.44,0.0629
32,2.56,3.52,0.3917
33,2.64,3.60,0.2489
34,2.72,3.68,0.2045
35,2.80,3.76,0.2267
36,2.88,3.84,0.2075
37,2.96,3.92,0.4560
38,3.04,4.00,0.1832
39,3.12,4.08,0.2518
40,3.20,4.16,0.1942
41,3.28,4.24,0.3058
42,3.36,4.32,0.1665
43,3.44,4.40,0.0841
44,3.52,4.48,0.1350
45,3.60,4.56,0.1380
46,3.68,4.64,0.0446
47,3.76,4.72,0.1484
48,3.84,4.80,0.2067
49,3.92,4.88,0.1323
50,4.00,4.96,0.0627
51,4.08,5.04,0.0836
52,4.16,5.12,0.1551
53,4.24,5.20,0.0334
54,4.32,5.28,0.0804
55,4.40,5.36,0.2200
56,4.48,5.44,0.0310
57,4.56,5.52,0.0792
58,4.64,5.60,0.2372
59,4.72,5.68,0.4185
60,4.80,5.76,0.6244
61,4.88,5.84,0.4842
62,4.96,5.92,0.2171
63,5.04,6.00,0.0445
64,5.12,6.08,0.1950
65,5.20,6.16,0.3745
66,5.28,6.24,0.6694
67,5.36,6.32,0.4176
68,5.44,6.40,0.6135
69,5.52,6.48,0.2022
70,5.60,6.56,0.0960
71,5.68,6.64,0.1188
72,5.76,6.72,0.2065
73,5.84,6.80,0.5522
74,5.92,6.88,0.3618
75,6.00,6.96,0.1452
76,6.08,7.04,0.0649
77,6.16,7.12,0.0472
78,6.24,7.20,0.4814
79,6.32,7.28,0.6829
80,6.40,7.36,0.8587
81,6.48,7.44,0.7562
82,6.56,7.52,0.6883
83,6.64,7.60,0.7775
84,6.72,7.68,0.5834
85,6.80,7.76,0.4584
86,6.88,7.84,0.2735
87,6.96,7.92,0.2001
88,7.04,8.00,0.2276
89,7.12,8.08,0.1076
90,7.20,8.16,0.1418
91,7.28,8.24,0.1518
92,7.36,8.32,0.0901
93,7.44,8.40,0.0266
94,7.52,8.48,0.0241
95,7.60,8.56,0.0117
96,7.68,8.64,0.0122
97,7.76,8.72,0.0403
98,7.84,8.80,0.0097
99,7.92,8.88,0.1074
100,8.00,8.96,0.0761
101,8.08,9.04,0.0923
102,8.16,9.12,0.0337
103,8.24,9.20,0.1001
104,8.32,9.28,0.0681
105,8.40,9.36,0.0377
106,8.48,9.44,0.0193
107,8.56,9.52,0.0154
108,8.64,9.60,0.0265
109,8.72,9.68,0.0315
110,8.80,9.76,0.0290
111,8.88,9.84,0.0135
112,8.96,9.92,0.0068
113,9.04,10.00,0.0055
