0,0.00,0.96,0.9774
1,0.08,1.04,0.9908
2,0.16,1.12,0.9855
3,0.24,1.20,0.9532
4,0.32,1.28,0.9735
5,0.40,1.36,0.9948
6,0.48,1.44,0.9884
7,0.56,1.52,0.9762
8,0.64,1.60,0.9941
9,0.72,1.68,0.9892
10,0.80,1.76,0.9809
11,0.88,1.84,0.9610
12,0.96,1.92,0.9244
13,1.04,2.00,0.4809
14,1.12,2.08,0.1818
15,1.20,2.16,0.1034
16,1.28,2.24,0.0557
17,1.36,2.32,0.0849
18,1.44,2.40,0.2379
19,1.52,2.48,0.4183
20,1.60,2.56,0.4708
21,1.68,2.64,0.2716
22,1.76,2.72,0.1040
23,1.84,2.80,0.0924
24,1.92,2.88,0.1829
25,2.00,2.96,0.4510
26,2.08,3.04,0.7522
27,2.16,3.12,0.8602
28,2.24,3.20,0.9739
29,2.32,3.28,0.9966
30,2.40,3.36,0.9990
31,2.48,3.44,0.9989
32,2.56,3.52,0.9967
33,2.64,3.60,0.9905
34,2.72,3.68,0.9806
35,2.80,3.76,0.9867
36,2.88,3.84,0.9925
37,2.96,3.92,0.9664
38,3.04,4.00,0.9558
39,3.12,4.08,0.9737
40,3.20,4.16,0.9464
41,3.28,4.24,0.9746
42,3.36,4.32,0.9708
43,3.44,4.40,0.9510
44,3.52,4.48,0.9655
45,3.60,4.56,0.9815
46,3.68,4.64,0.9612
47,3.76,4.72,0.9617
48,3.84,4.80,0.9811
49,3.92,4.88,0.9577
50,4.00,4.96,0.7735
51,4.08,5.04,0.3570
52,4.16,5.12,0.2037
53,4.24,5.20,0.0344
54,4.32,5.28,0.0145
55,4.40,5.36,0.0477
56,4.48,5.44,0.0060
57,4.56,5.52,0.0039
58,4.64,5.60,0.0396
59,4.72,5.68,0.0510
60,4.80,5.76,0.0305
61,4.88,5.84,0.0249
62,4.96,5.92,0.0380
63,5.04,6.00,0.1702
64,5.12,6.08,0.0723
65,5.20,6.16,0.0277
66,5.28,6.24,0.0067
67,5.36,6.32,0.0096
68,5.44,6.40,0.0028
69,5.52,6.48,0.0026
70,5.60,6.56,0.0016
71,5.68,6.64,0.0084
72,5.76,6.72,0.0062
73,5.84,6.80,0.0122
74,5.92,6.88,0.0027
75,6.00,6.96,0.0048
76,6.08,7.04,0.0021
77,6.16,7.12,0.0031
78,6.24,7.20,0.0870
79,6.32,7.28,0.3842
80,6.40,7.36,0.5975
81,6.48,7.44,0.9923
82,6.56,7.52,0.9880
83,6.64,7.60,0.9980
84,6.72,7.68,0.9917
85,6.80,7.76,0.9916
86,6.88,7.84,0.9689
87,6.96,7.92,0.9807
88,7.04,8.00,0.9837
89,7.12,8.08,0.9772
90,7.20,8.16,0.9906
91,7.28,8.24,0.9632
92,7.36,8.32,0.9309
93,7.44,8.40,0.8940
94,7.52,8.48,0.2790
95,7.60,8.56,0.0551
96,7.68,8.64,0.0281
97,7.76,8.72,0.0328
98,7.84,8.80,0.0955
99,7.92,8.88,0.0550
100,8.00,8.96,0.0341
101,8.08,9.04,0.0133
102,8.16,9.12,0.0227
103,8.24,9.20,0.0237
104,8.32,9.28,0.0366
105,8.40,9.36,0.0944
106,8.48,9.44,0.4163
107,8.56,9.52,0.6015
108,8.64,9.60,0.7311
109,8.72,9.68,0.9393
110,8.80,9.76,0.6146
111,8.88,9.84,0.7200
112,8.96,9.92,0.6410
113,9.04,10.00,0.9316
