0,0.50,1.46,0.9966
1,0.58,1.54,0.9975
2,0.66,1.62,0.9937
3,0.74,1.70,0.9967
4,0.82,1.78,0.9989
5,0.90,1.86,0.9979
6,0.98,1.94,0.9925
7,1.06,2.02,0.9920
8,1.14,2.10,0.9941
9,1.22,2.18,0.9913
10,1.30,2.26,0.9849
11,1.38,2.34,0.9920
12,1.46,2.42,0.9949
13,1.54,2.50,0.9920
14,1.62,2.58,0.9606
15,1.70,2.66,0.9807
16,1.78,2.74,0.9657
17,1.86,2.82,0.9783
18,1.94,2.90,0.9841
19,2.02,2.98,0.9182
20,2.10,3.06,0.9501
21,2.18,3.14,0.9777
22,2.26,3.22,0.9886
23,2.34,3.30,0.9856
24,2.42,3.38,0.8325
25,2.50,3.46,0.8960
26,2.58,3.54,0.7861
27,2.66,3.62,0.2166
28,2.74,3.70,0.0414
29,2.82,3.78,0.0251
30,2.90,3.86,0.0290
31,2.98,3.94,0.0132
32,3.06,4.02,0.0291
33,3.14,4.10,0.0050
34,3.22,4.18,0.0025
35,3.30,4.26,0.0005
36,3.38,4.34,0.0005
37,3.46,4.42,0.0047
38,3.54,4.50,0.0615
39,3.62,4.58,0.1226
40,3.70,4.66,0.1515
41,3.78,4.74,0.3413
42,3.86,4.82,0.7742
43,3.94,4.90,0.7299
44,4.02,4.98,0.8568
45,4.10,5.06,0.9858
46,4.18,5.14,0.9738
47,4.26,5.22,0.9613
48,4.34,5.30,0.9714
49,4.42,5.38,0.9825
50,4.50,5.46,0.9722
51,4.58,5.54,0.9792
52,4.66,5.62,0.9900
53,4.74,5.70,0.9985
54,4.82,5.78,0.9976
55,4.90,5.86,0.9967
56,4.98,5.94,0.9991
57,5.06,6.02,0.9975
58,5.14,6.10,0.9884
59,5.22,6.18,0.9912
60,5.30,6.26,0.9968
61,5.38,6.34,0.9972
62,5.46,6.42,0.9961
63,5.54,6.50,0.9816
64,5.62,6.58,0.9830
65,5.70,6.66,0.9954
66,5.78,6.74,0.9827
67,5.86,6.82,0.9808
68,5.94,6.90,0.9760
69,6.02,6.98,0.9618
70,6.10,7.06,0.9771
71,6.18,7.14,0.9874
72,6.26,7.22,0.9922
73,6.34,7.30,0.9795
74,6.42,7.38,0.9197
75,6.50,7.46,0.9537
76,6.58,7.54,0.9225
77,6.66,7.62,0.9797
78,6.74,7.70,0.9896
79,6.82,7.78,0.9914
80,6.90,7.86,0.8484
81,6.98,7.94,0.6387
82,7.06,8.02,0.4816
83,7.14,8.10,0.3708
84,7.22,8.18,0.1724
85,7.30,8.26,0.4281
86,7.38,8.34,0.5119
87,7.46,8.42,0.7165
88,7.54,8.50,0.6088
89,7.62,8.58,0.9190
90,7.70,8.66,0.9625
91,7.78,8.74,0.9889
92,7.86,8.82,0.9926
93,7.94,8.90,0.9902
94,8.02,8.98,0.9724
95,8.10,9.06,0.9531
96,8.18,9.14,0.7697
97,8.26,9.22,0.1519
98,8.34,9.30,0.0987
99,8.42,9.38,0.0206
100,8.50,9.46,0.0041
101,8.58,9.54,0.0018
102,8.66,9.62,0.0038
103,8.74,9.70,0.0049
104,8.82,9.78,0.0008
105,8.90,9.86,0.0011
106,8.98,9.94,0.0070
107,9.06,10.02,0.0084
108,9.14,10.10,0.0192
109,9.22,10.18,0.1658
110,9.30,10.26,0.6130
111,9.38,10.34,0.9364
112,9.46,10.42,0.7329
113,9.54,10.50,0.9822
