0,0.00,0.96,0.3721
1,0.08,1.04,0.7528
2,0.16,1.12,0.9137
3,0.24,1.20,0.9703
4,0.32,1.28,0.9781
5,0.40,1.36,0.9690
6,0.48,1.44,0.9653
7,0.56,1.52,0.8723
8,0.64,1.60,0.9555
9,0.72,1.68,0.8918
10,0.80,1.76,0.9056
11,0.88,1.84,0.9594
12,0.96,1.92,0.9830
13,1.04,2.00,0.9180
14,1.12,2.08,0.9321
15,1.20,2.16,0.9637
16,1.28,2.24,0.9690
17,1.36,2.32,0.9913
18,1.44,2.40,0.9785
19,1.52,2.48,0.8781
20,1.60,2.56,0.9561
21,1.68,2.64,0.9399
22,1.76,2.72,0.7995
23,1.84,2.80,0.8499
24,1.92,2.88,0.9633
25,2.00,2.96,0.9041
26,2.08,3.04,0.9906
27,2.16,3.12,0.9735
28,2.24,3.20,0.9656
29,2.32,3.28,0.8283
30,2.40,3.36,0.7113
31,2.48,3.44,0.4610
32,2.56,3.52,0.0769
33,2.64,3.60,0.3609
34,2.72,3.68,0.1177
35,2.80,3.76,0.0457
36,2.88,3.84,0.0857
37,2.96,3.92,0.2827
38,3.04,4.00,0.4112
39,3.12,4.08,0.1191
40,3.20,4.16,0.1153
41,3.28,4.24,0.0187
42,3.36,4.32,0.0482
43,3.44,4.40,0.0111
44,3.52,4.48,0.0070
45,3.60,4.56,0.0100
46,3.68,4.64,0.0198
47,3.76,4.72,0.0182
48,3.84,4.80,0.0795
49,3.92,4.88,0.1261
50,4.00,4.96,0.1684
51,4.08,5.04,0.0467
52,4.16,5.12,0.1809
53,4.24,5.20,0.0716
54,4.32,5.28,0.2490
55,4.40,5.36,0.6045
56,4.48,5.44,0.6298
57,4.56,5.52,0.8086
58,4.64,5.60,0.2415
59,4.72,5.68,0.4415
60,4.80,5.76,0.8740
61,4.88,5.84,0.9747
62,4.96,5.92,0.9561
63,5.04,6.00,0.9658
64,5.12,6.08,0.7948
65,5.20,6.16,0.9075
66,5.28,6.24,0.7108
67,5.36,6.32,0.9248
68,5.44,6.40,0.9791
69,5.52,6.48,0.9683
70,5.60,6.56,0.9816
71,5.68,6.64,0.9768
72,5.76,6.72,0.9800
73,5.84,6.80,0.9305
74,5.92,6.88,0.9499
75,6.00,6.96,0.7211
76,6.08,7.04,0.2622
77,6.16,7.12,0.2150
78,6.24,7.20,0.1452
79,6.32,7.28,0.1345
80,6.40,7.36,0.0544
81,6.48,7.44,0.1968
82,6.56,7.52,0.1393
83,6.64,7.60,0.1095
84,6.72,7.68,0.0932
85,6.80,7.76,0.1902
86,6.88,7.84,0.3112
87,6.96,7.92,0.5099
88,7.04,8.00,0.7981
89,7.12,8.08,0.6135
90,7.20,8.16,0.4937
91,7.28,8.24,0.7670
92,7.36,8.32,0.8793
93,7.44,8.40,0.9597
94,7.52,8.48,0.9691
95,7.60,8.56,0.9832
96,7.68,8.64,0.9479
97,7.76,8.72,0.9561
98,7.84,8.80,0.8833
99,7.92,8.88,0.9393
100,8.00,8.96,0.7800
101,8.08,9.04,0.8906
102,8.16,9.12,0.7528
103,8.24,9.20,0.7689
104,8.32,9.28,0.8984
105,8.40,9.36,0.8813
106,8.48,9.44,0.4437
107,8.56,9.52,0.1818
108,8.64,9.60,0.0281
109,8.72,9.68,0.0043
110,8.80,9.76,0.0054
111,8.88,9.84,0.0126
112,8.96,9.92,0.0309
113,9.04,10.00,0.0943
