0,0.00,0.96,0.9990
1,0.08,1.04,0.9953
2,0.16,1.12,0.9934
3,0.24,1.20,0.9809
4,0.32,1.28,0.9693
5,0.40,1.36,0.0335
6,0.48,1.44,0.1158
7,0.56,1.52,0.2607
8,0.64,1.60,0.8429
9,0.72,1.68,0.9875
10,0.80,1.76,0.9757
11,0.88,1.84,0.9936
12,0.96,1.92,0.9244
13,1.04,2.00,0.9821
14,1.12,2.08,0.9353
15,1.20,2.16,0.6097
16,1.28,2.24,0.6355
17,1.36,2.32,0.9745
18,1.44,2.40,0.9781
19,1.52,2.48,0.9982
20,1.60,2.56,0.9803
21,1.68,2.64,0.9940
22,1.76,2.72,0.9291
23,1.84,2.80,0.8748
24,1.92,2.88,0.7755
25,2.00,2.96,0.8074
26,2.08,3.04,0.7044
27,2.16,3.12,0.2272
28,2.24,3.20,0.6260
29,2.32,3.28,0.9800
30,2.40,3.36,0.9261
31,2.48,3.44,0.3311
32,2.56,3.52,0.7795
33,2.64,3.60,0.7853
34,2.72,3.68,0.8379
35,2.80,3.76,0.9571
36,2.88,3.84,0.9043
37,2.96,3.92,0.8637
38,3.04,4.00,0.8627
39,3.12,4.08,0.9918
40,3.20,4.16,0.9884
41,3.28,4.24,0.8545
42,3.36,4.32,0.4267
43,3.44,4.40,0.6404
44,3.52,4.48,0.2452
45,3.60,4.56,0.0354
46,3.68,4.64,0.2908
47,3.76,4.72,0.7561
48,3.84,4.80,0.6764
49,3.92,4.88,0.8263
50,4.00,4.96,0.8592
51,4.08,5.04,0.9255
52,4.16,5.12,0.9431
53,4.24,5.20,0.0364
54,4.32,5.28,0.0212
55,4.40,5.36,0.0521
56,4.48,5.44,0.0204
57,4.56,5.52,0.0251
58,4.64,5.60,0.1325
59,4.72,5.68,0.1964
60,4.80,5.76,0.8769
61,4.88,5.84,0.9855
62,4.96,5.92,0.9801
63,5.04,6.00,0.9740
64,5.12,6.08,0.1710
65,5.20,6.16,0.2637
66,5.28,6.24,0.0666
67,5.36,6.32,0.2554
68,5.44,6.40,0.4977
69,5.52,6.48,0.8652
70,5.60,6.56,0.9908
71,5.68,6.64,0.9858
72,5.76,6.72,0.9997
73,5.84,6.80,0.9995
74,5.92,6.88,0.9844
75,6.00,6.96,0.9382
76,6.08,7.04,0.8538
77,6.16,7.12,0.9290
78,6.24,7.20,0.5048
79,6.32,7.28,0.2574
80,6.40,7.36,0.1347
81,6.48,7.44,0.0415
82,6.56,7.52,0.1513
83,6.64,7.60,0.3369
84,6.72,7.68,0.8194
85,6.80,7.76,0.6937
86,6.88,7.84,0.9700
87,6.96,7.92,0.7250
88,7.04,8.00,0.2769
89,7.12,8.08,0.1040
90,7.20,8.16,0.2965
91,7.28,8.24,0.9095
92,7.36,8.32,0.7891
93,7.44,8.40,0.6701
94,7.52,8.48,0.6701
95,7.60,8.56,0.9003
96,7.68,8.64,0.8032
97,7.76,8.72,0.6539
98,7.84,8.80,0.1622
99,7.92,8.88,0.0979
100,8.00,8.96,0.5859
101,8.08,9.04,0.5162
102,8.16,9.12,0.1226
103,8.24,9.20,0.4984
104,8.32,9.28,0.1272
105,8.40,9.36,0.5938
106,8.48,9.44,0.9091
107,8.56,9.52,0.8039
108,8.64,9.60,0.1027
109,8.72,9.68,0.8953
110,8.80,9.76,0.8807
111,8.88,9.84,0.6311
112,8.96,9.92,0.8567
113,9.04,10.00,0.9096
