0,0.00,0.96,0.9985
1,0.08,1.04,0.9983
2,0.16,1.12,0.9987
3,0.24,1.20,0.9988
4,0.32,1.28,0.9995
5,0.40,1.36,0.9996
6,0.48,1.44,0.9997
7,0.56,1.52,0.9994
8,0.64,1.60,0.9994
9,0.72,1.68,0.9991
10,0.80,1.76,0.9992
11,0.88,1.84,0.9994
12,0.96,1.92,0.9993
13,1.04,2.00,0.9997
14,1.12,2.08,0.9998
15,1.20,2.16,0.9998
16,1.28,2.24,0.9998
17,1.36,2.32,0.9999
18,1.44,2.40,0.9997
19,1.52,2.48,0.9998
20,1.60,2.56,0.9995
21,1.68,2.64,0.9993
22,1.76,2.72,0.9994
23,1.84,2.80,0.9996
24,1.92,2.88,0.9991
25,2.00,2.96,0.9979
26,2.08,3.04,0.9943
27,2.16,3.12,0.9712
28,2.24,3.20,0.8788
29,2.32,3.28,0.7944
30,2.40,3.36,0.3357
31,2.48,3.44,0.0619
32,2.56,3.52,0.0141
33,2.64,3.60,0.0102
34,2.72,3.68,0.0092
35,2.80,3.76,0.0195
36,2.88,3.84,0.0374
37,2.96,3.92,0.0426
38,3.04,4.00,0.1194
39,3.12,4.08,0.0870
40,3.20,4.16,0.0809
41,3.28,4.24,0.1006
42,3.36,4.32,0.1311
43,3.44,4.40,0.1846
44,3.52,4.48,0.1785
45,3.60,4.56,0.2157
46,3.68,4.64,0.1353
47,3.76,4.72,0.1555
48,3.84,4.80,0.1553
49,3.92,4.88,0.1686
50,4.00,4.96,0.0448
51,4.08,5.04,0.0172
52,4.16,5.12,0.0149
53,4.24,5.20,0.0029
54,4.32,5.28,0.0032
55,4.40,5.36,0.0057
56,4.48,5.44,0.0078
57,4.56,5.52,0.0212
58,4.64,5.60,0.0706
59,4.72,5.68,0.3344
60,4.80,5.76,0.7853
61,4.88,5.84,0.9532
62,4.96,5.92,0.9869
63,5.04,6.00,0.9952
64,5.12,6.08,0.9971
65,5.20,6.16,0.9990
66,5.28,6.24,0.9988
67,5.36,6.32,0.9990
68,5.44,6.40,0.9987
69,5.52,6.48,0.9984
70,5.60,6.56,0.9970
71,5.68,6.64,0.9952
72,5.76,6.72,0.9940
73,5.84,6.80,0.9961
74,5.92,6.88,0.9981
75,6.00,6.96,0.9964
76,6.08,7.04,0.9964
77,6.16,7.12,0.9950
78,6.24,7.20,0.9959
79,6.32,7.28,0.9980
80,6.40,7.36,0.9979
81,6.48,7.44,0.9981
82,6.56,7.52,0.9991
83,6.64,7.60,0.9992
84,6.72,7.68,0.9989
85,6.80,7.76,0.9990
86,6.88,7.84,0.9985
87,6.96,7.92,0.9989
88,7.04,8.00,0.9991
89,7.12,8.08,0.9983
90,7.20,8.16,0.9986
91,7.28,8.24,0.9986
92,7.36,8.32,0.9990
93,7.44,8.40,0.9993
94,7.52,8.48,0.9994
95,7.60,8.56,0.9992
96,7.68,8.64,0.9994
97,7.76,8.72,0.9991
98,7.84,8.80,0.9981
99,7.92,8.88,0.9898
100,8.00,8.96,0.9817
101,8.08,9.04,0.9230
102,8.16,9.12,0.7533
103,8.24,9.20,0.1730
104,8.32,9.28,0.0299
105,8.40,9.36,0.0099
106,8.48,9.44,0.0024
107,8.56,9.52,0.0020
108,8.64,9.60,0.0015
109,8.72,9.68,0.0017
110,8.80,9.76,0.0025
111,8.88,9.84,0.0041
112,8.96,9.92,0.0042
113,9.04,10.00,0.0029
