0,0.00,0.96,0.9962
1,0.08,1.04,0.9947
2,0.16,1.12,0.9975
3,0.24,1.20,0.9980
4,0.32,1.28,0.9990
5,0.40,1.36,0.9991
6,0.48,1.44,0.9984
7,0.56,1.52,0.9984
8,0.64,1.60,0.9976
9,0.72,1.68,0.9889
10,0.80,1.76,0.8964
11,0.88,1.84,0.5968
12,0.96,1.92,0.1248
13,1.04,2.00,0.0467
14,1.12,2.08,0.0109
15,1.20,2.16,0.0113
16,1.28,2.24,0.0027
17,1.36,2.32,0.0029
18,1.44,2.40,0.0061
19,1.52,2.48,0.0038
20,1.60,2.56,0.0036
21,1.68,2.64,0.0031
22,1.76,2.72,0.0024
23,1.84,2.80,0.0030
24,1.92,2.88,0.0018
25,2.00,2.96,0.0020
26,2.08,3.04,0.0030
27,2.16,3.12,0.0029
28,2.24,3.20,0.0020
29,2.32,3.28,0.0042
30,2.40,3.36,0.0095
31,2.48,3.44,0.0146
32,2.56,3.52,0.0357
33,2.64,3.60,0.1494
34,2.72,3.68,0.6729
35,2.80,3.76,0.9461
36,2.88,3.84,0.9923
37,2.96,3.92,0.9969
38,3.04,4.00,0.9974
39,3.12,4.08,0.9987
40,3.20,4.16,0.9984
41,3.28,4.24,0.9986
42,3.36,4.32,0.9972
43,3.44,4.40,0.9965
44,3.52,4.48,0.9970
45,3.60,4.56,0.9899
46,3.68,4.64,0.9740
47,3.76,4.72,0.6756
48,3.84,4.80,0.2159
49,3.92,4.88,0.0461
50,4.00,4.96,0.0269
51,4.08,5.04,0.0054
52,4.16,5.12,0.0046
53,4.24,5.20,0.0063
54,4.32,5.28,0.0041
55,4.40,5.36,0.0035
56,4.48,5.44,0.0039
57,4.56,5.52,0.0020
58,4.64,5.60,0.0019
59,4.72,5.68,0.0040
60,4.80,5.76,0.0051
61,4.88,5.84,0.0046
62,4.96,5.92,0.0048
63,5.04,6.00,0.0061
64,5.12,6.08,0.0084
65,5.20,6.16,0.0079
66,5.28,6.24,0.0318
67,5.36,6.32,0.1515
68,5.44,6.40,0.5071
69,5.52,6.48,0.7897
70,5.60,6.56,0.9352
71,5.68,6.64,0.9853
72,5.76,6.72,0.9960
73,5.84,6.80,0.9958
74,5.92,6.88,0.9979
75,6.00,6.96,0.9990
76,6.08,7.04,0.9992
77,6.16,7.12,0.9988
78,6.24,7.20,0.9983
79,6.32,7.28,0.9986
80,6.40,7.36,0.9985
81,6.48,7.44,0.9988
82,6.56,7.52,0.9991
83,6.64,7.60,0.9994
84,6.72,7.68,0.9989
85,6.80,7.76,0.9989
86,6.88,7.84,0.9987
87,6.96,7.92,0.9987
88,7.04,8.00,0.9991
89,7.12,8.08,0.9993
90,7.20,8.16,0.9993
91,7.28,8.24,0.9979
92,7.36,8.32,0.9873
93,7.44,8.40,0.8999
94,7.52,8.48,0.3294
95,7.60,8.56,0.1310
96,7.68,8.64,0.0262
97,7.76,8.72,0.0118
98,7.84,8.80,0.0089
99,7.92,8.88,0.0038
100,8.00,8.96,0.0026
101,8.08,9.04,0.0057
102,8.16,9.12,0.0062
103,8.24,9.20,0.0044
104,8.32,9.28,0.0041
105,8.40,9.36,0.0068
106,8.48,9.44,0.0094
107,8.56,9.52,0.0041
108,8.64,9.60,0.0087
109,8.72,9.68,0.0117
110,8.80,9.76,0.0089
111,8.88,9.84,0.0045
112,8.96,9.92,0.0071
113,9.04,10.00,0.0080
