0,0.00,0.96,0.9990
1,0.08,1.04,0.9973
2,0.16,1.12,0.9996
3,0.24,1.20,0.9995
4,0.32,1.28,0.9976
5,0.40,1.36,0.9953
6,0.48,1.44,0.9877
7,0.56,1.52,0.9947
8,0.64,1.60,0.9688
9,0.72,1.68,0.9091
10,0.80,1.76,0.8960
11,0.88,1.84,0.9653
12,0.96,1.92,0.9920
13,1.04,2.00,0.9979
14,1.12,2.08,0.9983
15,1.20,2.16,0.9973
16,1.28,2.24,0.9984
17,1.36,2.32,0.9928
18,1.44,2.40,0.9516
19,1.52,2.48,0.9767
20,1.60,2.56,0.9469
21,1.68,2.64,0.9589
22,1.76,2.72,0.9720
23,1.84,2.80,0.9800
24,1.92,2.88,0.9900
25,2.00,2.96,0.9904
26,2.08,3.04,0.9724
27,2.16,3.12,0.8325
28,2.24,3.20,0.5627
29,2.32,3.28,0.1513
30,2.40,3.36,0.0515
31,2.48,3.44,0.2923
32,2.56,3.52,0.1777
33,2.64,3.60,0.1680
34,2.72,3.68,0.0604
35,2.80,3.76,0.1293
36,2.88,3.84,0.1823
37,2.96,3.92,0.2371
38,3.04,4.00,0.1881
39,3.12,4.08,0.2957
40,3.20,4.16,0.4622
41,3.28,4.24,0.3590
42,3.36,4.32,0.2100
43,3.44,4.40,0.2892
44,3.52,4.48,0.0847
45,3.60,4.56,0.0330
46,3.68,4.64,0.0293
47,3.76,4.72,0.0049
48,3.84,4.80,0.0173
49,3.92,4.88,0.0102
50,4.00,4.96,0.0164
51,4.08,5.04,0.0485
52,4.16,5.12,0.2012
53,4.24,5.20,0.4637
54,4.32,5.28,0.7864
55,4.40,5.36,0.9229
56,4.48,5.44,0.9481
57,4.56,5.52,0.9379
58,4.64,5.60,0.9861
59,4.72,5.68,0.8997
60,4.80,5.76,0.9211
61,4.88,5.84,0.9170
62,4.96,5.92,0.9629
63,5.04,6.00,0.8853
64,5.12,6.08,0.8848
65,5.20,6.16,0.9197
66,5.28,6.24,0.9810
67,5.36,6.32,0.9879
68,5.44,6.40,0.9621
69,5.52,6.48,0.9528
70,5.60,6.56,0.9854
71,5.68,6.64,0.9554
72,5.76,6.72,0.9638
73,5.84,6.80,0.9715
74,5.92,6.88,0.9659
75,6.00,6.96,0.9982
76,6.08,7.04,0.9961
77,6.16,7.12,0.9970
78,6.24,7.20,0.9916
79,6.32,7.28,0.9949
80,6.40,7.36,0.9975
81,6.48,7.44,0.9941
82,6.56,7.52,0.9930
83,6.64,7.60,0.9814
84,6.72,7.68,0.9490
85,6.80,7.76,0.9866
86,6.88,7.84,0.9779
87,6.96,7.92,0.8173
88,7.04,8.00,0.9801
89,7.12,8.08,0.9614
90,7.20,8.16,0.9617
91,7.28,8.24,0.9934
92,7.36,8.32,0.9873
93,7.44,8.40,0.9673
94,7.52,8.48,0.7426
95,7.60,8.56,0.1723
96,7.68,8.64,0.0947
97,7.76,8.72,0.1150
98,7.84,8.80,0.1905
99,7.92,8.88,0.2364
100,8.00,8.96,0.5286
101,8.08,9.04,0.4104
102,8.16,9.12,0.8430
103,8.24,9.20,0.9479
104,8.32,9.28,0.9960
105,8.40,9.36,0.9957
106,8.48,9.44,0.9868
107,8.56,9.52,0.9868
108,8.64,9.60,0.9825
109,8.72,9.68,0.9898
110,8.80,9.76,0.9900
111,8.88,9.84,0.9648
112,8.96,9.92,0.8703
113,9.04,10.00,0.9370
