0,0.00,0.96,0.0031
1,0.08,1.04,0.0053
2,0.16,1.12,0.0108
3,0.24,1.20,0.0547
4,0.32,1.28,0.1564
5,0.40,1.36,0.4501
6,0.48,1.44,0.8208
7,0.56,1.52,0.9736
8,0.64,1.60,0.9929
9,0.72,1.68,0.9980
10,0.80,1.76,0.9977
11,0.88,1.84,0.9984
12,0.96,1.92,0.9984
13,1.04,2.00,0.9978
14,1.12,2.08,0.9983
15,1.20,2.16,0.9984
16,1.28,2.24,0.9980
17,1.36,2.32,0.9982
18,1.44,2.40,0.9983
19,1.52,2.48,0.9983
20,1.60,2.56,0.9981
21,1.68,2.64,0.9969
22,1.76,2.72,0.9975
23,1.84,2.80,0.9969
24,1.92,2.88,0.9960
25,2.00,2.96,0.9965
26,2.08,3.04,0.9980
27,2.16,3.12,0.9983
28,2.24,3.20,0.9980
29,2.32,3.28,0.9977
30,2.40,3.36,0.9985
31,2.48,3.44,0.9950
32,2.56,3.52,0.9954
33,2.64,3.60,0.9746
34,2.72,3.68,0.8541
35,2.80,3.76,0.5006
36,2.88,3.84,0.3291
37,2.96,3.92,0.1448
38,3.04,4.00,0.0440
39,3.12,4.08,0.0165
40,3.20,4.16,0.0037
41,3.28,4.24,0.0035
42,3.36,4.32,0.0028
43,3.44,4.40,0.0021
44,3.52,4.48,0.0026
45,3.60,4.56,0.0023
46,3.68,4.64,0.0037
47,3.76,4.72,0.0016
48,3.84,4.80,0.0020
49,3.92,4.88,0.0020
50,4.00,4.96,0.0038
51,4.08,5.04,0.0166
52,4.16,5.12,0.0558
53,4.24,5.20,0.3502
54,4.32,5.28,0.8077
55,4.40,5.36,0.9562
56,4.48,5.44,0.9884
57,4.56,5.52,0.9957
58,4.64,5.60,0.9966
59,4.72,5.68,0.9975
60,4.80,5.76,0.9975
61,4.88,5.84,0.9972
62,4.96,5.92,0.9988
63,5.04,6.00,0.9990
64,5.12,6.08,0.9988
65,5.20,6.16,0.9989
66,5.28,6.24,0.9982
67,5.36,6.32,0.9980
68,5.44,6.40,0.9979
69,5.52,6.48,0.9968
70,5.60,6.56,0.9978
71,5.68,6.64,0.9976
72,5.76,6.72,0.9975
73,5.84,6.80,0.9972
74,5.92,6.88,0.9994
75,6.00,6.96,0.9991
76,6.08,7.04,0.9975
77,6.16,7.12,0.9956
78,6.24,7.20,0.9976
79,6.32,7.28,0.9989
80,6.40,7.36,0.9984
81,6.48,7.44,0.9992
82,6.56,7.52,0.9994
83,6.64,7.60,0.9992
84,6.72,7.68,0.9990
85,6.80,7.76,0.9991
86,6.88,7.84,0.9993
87,6.96,7.92,0.9994
88,7.04,8.00,0.9991
89,7.12,8.08,0.9989
90,7.20,8.16,0.9995
91,7.28,8.24,0.9994
92,7.36,8.32,0.9992
93,7.44,8.40,0.9979
94,7.52,8.48,0.9892
95,7.60,8.56,0.9230
96,7.68,8.64,0.6685
97,7.76,8.72,0.2544
98,7.84,8.80,0.0620
99,7.92,8.88,0.0138
100,8.00,8.96,0.0087
101,8.08,9.04,0.0064
102,8.16,9.12,0.0050
103,8.24,9.20,0.0158
104,8.32,9.28,0.0061
105,8.40,9.36,0.0085
106,8.48,9.44,0.0050
107,8.56,9.52,0.0051
108,8.64,9.60,0.0151
109,8.72,9.68,0.0076
110,8.80,9.76,0.0048
111,8.88,9.84,0.0046
112,8.96,9.92,0.0031
113,9.04,10.00,0.0048
