0,0.00,0.96,0.9797
1,0.08,1.04,0.9754
2,0.16,1.12,0.9693
3,0.24,1.20,0.9948
4,0.32,1.28,0.9839
5,0.40,1.36,0.9936
6,0.48,1.44,0.9771
7,0.56,1.52,0.9875
8,0.64,1.60,0.9927
9,0.72,1.68,0.9857
10,0.80,1.76,0.9548
11,0.88,1.84,0.8049
12,0.96,1.92,0.7932
13,1.04,2.00,0.9109
14,1.12,2.08,0.8388
15,1.20,2.16,0.8982
16,1.28,2.24,0.7630
17,1.36,2.32,0.8165
18,1.44,2.40,0.7152
19,1.52,2.48,0.8078
20,1.60,2.56,0.8119
21,1.68,2.64,0.7021
22,1.76,2.72,0.7019
23,1.84,2.80,0.6469
24,1.92,2.88,0.5148
25,2.00,2.96,0.8584
26,2.08,3.04,0.8681
27,2.16,3.12,0.5648
28,2.24,3.20,0.5684
29,2.32,3.28,0.8059
30,2.40,3.36,0.6113
31,2.48,3.44,0.7908
32,2.56,3.52,0.3841
33,2.64,3.60,0.2818
34,2.72,3.68,0.2819
35,2.80,3.76,0.2048
36,2.88,3.84,0.0477
37,2.96,3.92,0.0324
38,3.04,4.00,0.2204
39,3.12,4.08,0.2830
40,3.20,4.16,0.7768
41,3.28,4.24,0.8658
42,3.36,4.32,0.9473
43,3.44,4.40,0.9011
44,3.52,4.48,0.9009
45,3.60,4.56,0.8595
46,3.68,4.64,0.9189
47,3.76,4.72,0.9425
48,3.84,4.80,0.9686
49,3.92,4.88,0.9555
50,4.00,4.96,0.9151
51,4.08,5.04,0.9445
52,4.16,5.12,0.8817
53,4.24,5.20,0.9542
54,4.32,5.28,0.9190
55,4.40,5.36,0.7943
56,4.48,5.44,0.6958
57,4.56,5.52,0.4083
58,4.64,5.60,0.0510
59,4.72,5.68,0.0118
60,4.80,5.76,0.0265
61,4.88,5.84,0.0251
62,4.96,5.92,0.0057
63,5.04,6.00,0.0117
64,5.12,6.08,0.0091
65,5.20,6.16,0.0056
66,5.28,6.24,0.0030
67,5.36,6.32,0.0125
68,5.44,6.40,0.0027
69,5.52,6.48,0.0022
70,5.60,6.56,0.0044
71,5.68,6.64,0.0285
72,5.76,6.72,0.0497
73,5.84,6.80,0.0228
74,5.92,6.88,0.0956
75,6.00,6.96,0.0251
76,6.08,7.04,0.0350
77,6.16,7.12,0.0552
78,6.24,7.20,0.0241
79,6.32,7.28,0.0494
80,6.40,7.36,0.0304
81,6.48,7.44,0.0590
82,6.56,7.52,0.0108
83,6.64,7.60,0.0205
84,6.72,7.68,0.0216
85,6.80,7.76,0.1177
86,6.88,7.84,0.2197
87,6.96,7.92,0.7094
88,7.04,8.00,0.9046
89,7.12,8.08,0.9494
90,7.20,8.16,0.9871
91,7.28,8.24,0.9954
92,7.36,8.32,0.9968
93,7.44,8.40,0.9665
94,7.52,8.48,0.9291
95,7.60,8.56,0.9835
96,7.68,8.64,0.9477
97,7.76,8.72,0.9794
98,7.84,8.80,0.9868
99,7.92,8.88,0.9559
100,8.00,8.96,0.6348
101,8.08,9.04,0.3619
102,8.16,9.12,0.6464
103,8.24,9.20,0.2047
104,8.32,9.28,0.0543
105,8.40,9.36,0.0188
106,8.48,9.44,0.0884
107,8.56,9.52,0.1427
108,8.64,9.60,0.2289
109,8.72,9.68,0.8050
110,8.80,9.76,0.9488
111,8.88,9.84,0.9409
112,8.96,9.92,0.9055
113,9.04,10.00,0.9793
