0,0.00,0.96,0.8478
1,0.08,1.04,0.7022
2,0.16,1.12,0.2753
3,0.24,1.20,0.3115
4,0.32,1.28,0.1550
5,0.40,1.36,0.0160
6,0.48,1.44,0.0155
7,0.56,1.52,0.0078
8,0.64,1.60,0.0125
9,0.72,1.68,0.0200
10,0.80,1.76,0.0109
11,0.88,1.84,0.0251
12,0.96,1.92,0.0150
13,1.04,2.00,0.0106
14,1.12,2.08,0.0073
15,1.20,2.16,0.0305
16,1.28,2.24,0.0228
17,1.36,2.32,0.1137
18,1.44,2.40,0.5209
19,1.52,2.48,0.3895
20,1.60,2.56,0.0608
21,1.68,2.64,0.5108
22,1.76,2.72,0.7414
23,1.84,2.80,0.8018
24,1.92,2.88,0.8704
25,2.00,2.96,0.9111
26,2.08,3.04,0.9865
27,2.16,3.12,0.9892
28,2.24,3.20,0.9972
29,2.32,3.28,0.9978
30,2.40,3.36,0.9957
31,2.48,3.44,0.9921
32,2.56,3.52,0.9953
33,2.64,3.60,0.9976
34,2.72,3.68,0.9989
35,2.80,3.76,0.9976
36,2.88,3.84,0.9973
37,2.96,3.92,0.9980
38,3.04,4.00,0.9958
39,3.12,4.08,0.9826
40,3.20,4.16,0.9570
41,3.28,4.24,0.9342
42,3.36,4.32,0.9445
43,3.44,4.40,0.9589
44,3.52,4.48,0.5513
45,3.60,4.56,0.1623
46,3.68,4.64,0.0474
47,3.76,4.72,0.0555
48,3.84,4.80,0.0189
49,3.92,4.88,0.0119
50,4.00,4.96,0.0045
51,4.08,5.04,0.0239
52,4.16,5.12,0.0703
53,4.24,5.20,0.1451
54,4.32,5.28,0.4034
55,4.40,5.36,0.9126
56,4.48,5.44,0.9056
57,4.56,5.52,0.9028
58,4.64,5.60,0.9857
59,4.72,5.68,0.9881
60,4.80,5.76,0.9942
61,4.88,5.84,0.9956
62,4.96,5.92,0.9945
63,5.04,6.00,0.9907
64,5.12,6.08,0.9960
65,5.20,6.16,0.9985
66,5.28,6.24,0.9993
67,5.36,6.32,0.9957
68,5.44,6.40,0.9987
69,5.52,6.48,0.9970
70,5.60,6.56,0.9913
71,5.68,6.64,0.9889
72,5.76,6.72,0.9953
73,5.84,6.80,0.9968
74,5.92,6.88,0.9946
75,6.00,6.96,0.9974
76,6.08,7.04,0.9970
77,6.16,7.12,0.9927
78,6.24,7.20,0.9832
79,6.32,7.28,0.9898
80,6.40,7.36,0.9886
81,6.48,7.44,0.9524
82,6.56,7.52,0.9850
83,6.64,7.60,0.9765
84,6.72,7.68,0.9962
85,6.80,7.76,0.9791
86,6.88,7.84,0.9775
87,6.96,7.92,0.9593
88,7.04,8.00,0.9145
89,7.12,8.08,0.8943
90,7.20,8.16,0.9831
91,7.28,8.24,0.9698
92,7.36,8.32,0.8227
93,7.44,8.40,0.1763
94,7.52,8.48,0.0147
95,7.60,8.56,0.0053
96,7.68,8.64,0.0021
97,7.76,8.72,0.0018
98,7.84,8.80,0.0002
99,7.92,8.88,0.0005
100,8.00,8.96,0.0032
101,8.08,9.04,0.0268
102,8.16,9.12,0.0036
103,8.24,9.20,0.0023
104,8.32,9.28,0.0015
105,8.40,9.36,0.0031
106,8.48,9.44,0.0013
107,8.56,9.52,0.0141
108,8.64,9.60,0.0167
109,8.72,9.68,0.0160
110,8.80,9.76,0.0889
111,8.88,9.84,0.0688
112,8.96,9.92,0.0843
113,9.04,10.00,0.0313
