0,0.00,0.96,0.8644
1,0.08,1.04,0.8519
2,0.16,1.12,0.9241
3,0.24,1.20,0.9828
4,0.32,1.28,0.9933
5,0.40,1.36,0.9844
6,0.48,1.44,0.9741
7,0.56,1.52,0.9448
8,0.64,1.60,0.9235
9,0.72,1.68,0.8300
10,0.80,1.76,0.8724
11,0.88,1.84,0.9448
12,0.96,1.92,0.9154
13,1.04,2.00,0.9308
14,1.12,2.08,0.9349
15,1.20,2.16,0.9779
16,1.28,2.24,0.9640
17,1.36,2.32,0.9486
18,1.44,2.40,0.9161
19,1.52,2.48,0.8488
20,1.60,2.56,0.9306
21,1.68,2.64,0.9389
22,1.76,2.72,0.9527
23,1.84,2.80,0.9859
24,1.92,2.88,0.9950
25,2.00,2.96,0.9738
26,2.08,3.04,0.9853
27,2.16,3.12,0.9869
28,2.24,3.20,0.9790
29,2.32,3.28,0.9840
30,2.40,3.36,0.9317
31,2.48,3.44,0.9835
32,2.56,3.52,0.9887
33,2.64,3.60,0.9740
34,2.72,3.68,0.9591
35,2.80,3.76,0.8455
36,2.88,3.84,0.8062
37,2.96,3.92,0.6662
38,3.04,4.00,0.2679
39,3.12,4.08,0.2804
40,3.20,4.16,0.3482
41,3.28,4.24,0.2073
42,3.36,4.32,0.1465
43,3.44,4.40,0.2811
44,3.52,4.48,0.4715
45,3.60,4.56,0.5170
46,3.68,4.64,0.6821
47,3.76,4.72,0.8360
48,3.84,4.80,0.9353
49,3.92,4.88,0.9584
50,4.00,4.96,0.9715
51,4.08,5.04,0.9101
52,4.16,5.12,0.9601
53,4.24,5.20,0.9650
54,4.32,5.28,0.9962
55,4.40,5.36,0.9926
56,4.48,5.44,0.9931
57,4.56,5.52,0.9992
58,4.64,5.60,0.9987
59,4.72,5.68,0.9976
60,4.80,5.76,0.9914
61,4.88,5.84,0.9971
62,4.96,5.92,0.9867
63,5.04,6.00,0.9842
64,5.12,6.08,0.9460
65,5.20,6.16,0.8440
66,5.28,6.24,0.3464
67,5.36,6.32,0.4245
68,5.44,6.40,0.2217
69,5.52,6.48,0.0824
70,5.60,6.56,0.3274
71,5.68,6.64,0.4245
72,5.76,6.72,0.7568
73,5.84,6.80,0.9470
74,5.92,6.88,0.9814
75,6.00,6.96,0.9216
76,6.08,7.04,0.9715
77,6.16,7.12,0.9725
78,6.24,7.20,0.9660
79,6.32,7.28,0.9663
80,6.40,7.36,0.8910
81,6.48,7.44,0.9316
82,6.56,7.52,0.8471
83,6.64,7.60,0.8698
84,6.72,7.68,0.9184
85,6.80,7.76,0.9737
86,6.88,7.84,0.9511
87,6.96,7.92,0.9875
88,7.04,8.00,0.9937
89,7.12,8.08,0.9885
90,7.20,8.16,0.9678
91,7.28,8.24,0.9070
92,7.36,8.32,0.9438
93,7.44,8.40,0.9173
94,7.52,8.48,0.9760
95,7.60,8.56,0.9594
96,7.68,8.64,0.9270
97,7.76,8.72,0.9526
98,7.84,8.80,0.9304
99,7.92,8.88,0.9454
100,8.00,8.96,0.9798
101,8.08,9.04,0.9815
102,8.16,9.12,0.9829
103,8.24,9.20,0.9850
104,8.32,9.28,0.9365
105,8.40,9.36,0.9628
106,8.48,9.44,0.9709
107,8.56,9.52,0.9870
108,8.64,9.60,0.9913
109,8.72,9.68,0.9878
110,8.80,9.76,0.9941
111,8.88,9.84,0.9887
112,8.96,9.92,0.9839
113,9.04,10.00,0.9519
