0,0.00,0.96,0.0381
1,0.08,1.04,0.0552
2,0.16,1.12,0.0605
3,0.24,1.20,0.0608
4,0.32,1.28,0.1837
5,0.40,1.36,0.0897
6,0.48,1.44,0.1869
7,0.56,1.52,0.0842
8,0.64,1.60,0.1595
9,0.72,1.68,0.2720
10,0.80,1.76,0.1612
11,0.88,1.84,0.3462
12,0.96,1.92,0.3236
13,1.04,2.00,0.1513
14,1.12,2.08,0.1391
15,1.20,2.16,0.4185
16,1.28,2.24,0.7500
17,1.36,2.32,0.7341
18,1.44,2.40,0.8701
19,1.52,2.48,0.9508
20,1.60,2.56,0.9601
21,1.68,2.64,0.9953
22,1.76,2.72,0.9932
23,1.84,2.80,0.9814
24,1.92,2.88,0.9763
25,2.00,2.96,0.8732
26,2.08,3.04,0.7899
27,2.16,3.12,0.1989
28,2.24,3.20,0.0702
29,2.32,3.28,0.0982
30,2.40,3.36,0.2070
31,2.48,3.44,0.0862
32,2.56,3.52,0.0383
33,2.64,3.60,0.0595
34,2.72,3.68,0.0345
35,2.80,3.76,0.0291
36,2.88,3.84,0.0605
37,2.96,3.92,0.0372
38,3.04,4.00,0.0085
39,3.12,4.08,0.0048
40,3.20,4.16,0.0097
41,3.28,4.24,0.0046
42,3.36,4.32,0.0103
43,3.44,4.40,0.0095
44,3.52,4.48,0.0954
45,3.60,4.56,0.5258
46,3.68,4.64,0.3670
47,3.76,4.72,0.5118
48,3.84,4.80,0.4241
49,3.92,4.88,0.5301
50,4.00,4.96,0.9123
51,4.08,5.04,0.9228
52,4.16,5.12,0.9433
53,4.24,5.20,0.9279
54,4.32,5.28,0.9808
55,4.40,5.36,0.8100
56,4.48,5.44,0.8338
57,4.56,5.52,0.8834
58,4.64,5.60,0.8661
59,4.72,5.68,0.9501
60,4.80,5.76,0.9833
61,4.88,5.84,0.9486
62,4.96,5.92,0.9915
63,5.04,6.00,0.9693
64,5.12,6.08,0.9895
65,5.20,6.16,0.9893
66,5.28,6.24,0.9819
67,5.36,6.32,0.9745
68,5.44,6.40,0.9748
69,5.52,6.48,0.9794
70,5.60,6.56,0.9581
71,5.68,6.64,0.9559
72,5.76,6.72,0.9231
73,5.84,6.80,0.8019
74,5.92,6.88,0.6174
75,6.00,6.96,0.2848
76,6.08,7.04,0.1387
77,6.16,7.12,0.1058
78,6.24,7.20,0.0603
79,6.32,7.28,0.1487
80,6.40,7.36,0.0159
81,6.48,7.44,0.0232
82,6.56,7.52,0.0251
83,6.64,7.60,0.0514
84,6.72,7.68,0.0839
85,6.80,7.76,0.0703
86,6.88,7.84,0.0965
87,6.96,7.92,0.0877
88,7.04,8.00,0.2782
89,7.12,8.08,0.1924
90,7.20,8.16,0.6388
91,7.28,8.24,0.8450
92,7.36,8.32,0.9037
93,7.44,8.40,0.9409
94,7.52,8.48,0.9561
95,7.60,8.56,0.9870
96,7.68,8.64,0.9989
97,7.76,8.72,0.9992
98,7.84,8.80,0.9977
99,7.92,8.88,0.9978
100,8.00,8.96,0.9980
101,8.08,9.04,0.9933
102,8.16,9.12,0.9774
103,8.24,9.20,0.9767
104,8.32,9.28,0.9878
105,8.40,9.36,0.9531
106,8.48,9.44,0.9315
107,8.56,9.52,0.9648
108,8.64,9.60,0.9693
109,8.72,9.68,0.9905
110,8.80,9.76,0.9669
111,8.88,9.84,0.9952
112,8.96,9.92,0.9785
113,9.04,10.00,0.9020
