0,0.00,0.96,0.1661
1,0.08,1.04,0.0285
2,0.16,1.12,0.1321
3,0.24,1.20,0.1693
4,0.32,1.28,0.2085
5,0.40,1.36,0.0332
6,0.48,1.44,0.0800
7,0.56,1.52,0.3280
8,0.64,1.60,0.3476
9,0.72,1.68,0.7905
10,0.80,1.76,0.9538
11,0.88,1.84,0.9165
12,0.96,1.92,0.9925
13,1.04,2.00,0.9936
14,1.12,2.08,0.9946
15,1.20,2.16,0.9953
16,1.28,2.24,0.9952
17,1.36,2.32,0.8637
18,1.44,2.40,0.8863
19,1.52,2.48,0.6768
20,1.60,2.56,0.9685
21,1.68,2.64,0.9960
22,1.76,2.72,0.9981
23,1.84,2.80,0.9961
24,1.92,2.88,0.9815
25,2.00,2.96,0.9591
26,2.08,3.04,0.9968
27,2.16,3.12,0.9894
28,2.24,3.20,0.8159
29,2.32,3.28,0.9637
30,2.40,3.36,0.9947
31,2.48,3.44,0.9988
32,2.56,3.52,0.9990
33,2.64,3.60,0.9988
34,2.72,3.68,0.9918
35,2.80,3.76,0.5675
36,2.88,3.84,0.2889
37,2.96,3.92,0.2453
38,3.04,4.00,0.1044
39,3.12,4.08,0.0544
40,3.20,4.16,0.0142
41,3.28,4.24,0.0049
42,3.36,4.32,0.0690
43,3.44,4.40,0.4027
44,3.52,4.48,0.2739
45,3.60,4.56,0.2528
46,3.68,4.64,0.0601
47,3.76,4.72,0.1138
48,3.84,4.80,0.4756
49,3.92,4.88,0.0662
50,4.00,4.96,0.1004
51,4.08,5.04,0.1497
52,4.16,5.12,0.2004
53,4.24,5.20,0.5908
54,4.32,5.28,0.9228
55,4.40,5.36,0.8430
56,4.48,5.44,0.9300
57,4.56,5.52,0.9515
58,4.64,5.60,0.9376
59,4.72,5.68,0.9782
60,4.80,5.76,0.9946
61,4.88,5.84,0.9966
62,4.96,5.92,0.9889
63,5.04,6.00,0.9802
64,5.12,6.08,0.9665
65,5.20,6.16,0.9196
66,5.28,6.24,0.9587
67,5.36,6.32,0.9790
68,5.44,6.40,0.9939
69,5.52,6.48,0.9783
70,5.60,6.56,0.9580
71,5.68,6.64,0.9948
72,5.76,6.72,0.9918
73,5.84,6.80,0.9908
74,5.92,6.88,0.9869
75,6.00,6.96,0.9966
76,6.08,7.04,0.9989
77,6.16,7.12,0.9995
78,6.24,7.20,0.9990
79,6.32,7.28,0.9949
80,6.40,7.36,0.9994
81,6.48,7.44,0.9996
82,6.56,7.52,0.9985
83,6.64,7.60,0.9996
84,6.72,7.68,0.9982
85,6.80,7.76,0.9995
86,6.88,7.84,0.9998
87,6.96,7.92,0.9987
88,7.04,8.00,0.9990
89,7.12,8.08,0.9993
90,7.20,8.16,0.9999
91,7.28,8.24,0.9996
92,7.36,8.32,0.9999
93,7.44,8.40,0.9996
94,7.52,8.48,0.9957
95,7.60,8.56,0.9908
96,7.68,8.64,0.9793
97,7.76,8.72,0.8104
98,7.84,8.80,0.7007
99,7.92,8.88,0.7057
100,8.00,8.96,0.4584
101,8.08,9.04,0.1208
102,8.16,9.12,0.0554
103,8.24,9.20,0.0406
104,8.32,9.28,0.0479
105,8.40,9.36,0.1593
106,8.48,9.44,0.1615
107,8.56,9.52,0.0235
108,8.64,9.60,0.0129
109,8.72,9.68,0.0194
110,8.80,9.76,0.0841
111,8.88,9.84,0.2804
112,8.96,9.92,0.6985
113,9.04,10.00,0.5750
