0,0.00,0.96,0.1708
1,0.08,1.04,0.1085
2,0.16,1.12,0.4466
3,0.24,1.20,0.5002
4,0.32,1.28,0.9464
5,0.40,1.36,0.9332
6,0.48,1.44,0.8706
7,0.56,1.52,0.8882
8,0.64,1.60,0.7181
9,0.72,1.68,0.1239
10,0.80,1.76,0.0756
11,0.88,1.84,0.0432
12,0.96,1.92,0.0050
13,1.04,2.00,0.0065
14,1.12,2.08,0.0009
15,1.20,2.16,0.0026
16,1.28,2.24,0.0202
17,1.36,2.32,0.1182
18,1.44,2.40,0.2919
19,1.52,2.48,0.6275
20,1.60,2.56,0.6764
21,1.68,2.64,0.8524
22,1.76,2.72,0.9204
23,1.84,2.80,0.8417
24,1.92,2.88,0.9135
25,2.00,2.96,0.9334
26,2.08,3.04,0.8769
27,2.16,3.12,0.9855
28,2.24,3.20,0.9207
29,2.32,3.28,0.6407
30,2.40,3.36,0.2243
31,2.48,3.44,0.0332
32,2.56,3.52,0.0526
33,2.64,3.60,0.0174
34,2.72,3.68,0.0094
35,2.80,3.76,0.0064
36,2.88,3.84,0.0027
37,2.96,3.92,0.0005
38,3.04,4.00,0.0007
39,3.12,4.08,0.0045
40,3.20,4.16,0.0087
41,3.28,4.24,0.0751
42,3.36,4.32,0.1500
43,3.44,4.40,0.1986
44,3.52,4.48,0.6378
45,3.60,4.56,0.4190
46,3.68,4.64,0.3011
47,3.76,4.72,0.2064
48,3.84,4.80,0.5457
49,3.92,4.88,0.3754
50,4.00,4.96,0.1343
51,4.08,5.04,0.2140
52,4.16,5.12,0.0880
53,4.24,5.20,0.2461
54,4.32,5.28,0.5315
55,4.40,5.36,0.6815
56,4.48,5.44,0.9238
57,4.56,5.52,0.8132
58,4.64,5.60,0.9368
59,4.72,5.68,0.9413
60,4.80,5.76,0.9989
61,4.88,5.84,0.9985
62,4.96,5.92,0.9948
63,5.04,6.00,0.9644
64,5.12,6.08,0.9937
65,5.20,6.16,0.9882
66,5.28,6.24,0.9665
67,5.36,6.32,0.9804
68,5.44,6.40,0.9914
69,5.52,6.48,0.9954
70,5.60,6.56,0.9942
71,5.68,6.64,0.9940
72,5.76,6.72,0.9944
73,5.84,6.80,0.9954
74,5.92,6.88,0.9964
75,6.00,6.96,0.9987
76,6.08,7.04,0.9980
77,6.16,7.12,0.9915
78,6.24,7.20,0.9883
79,6.32,7.28,0.9950
80,6.40,7.36,0.9435
81,6.48,7.44,0.6992
82,6.56,7.52,0.9322
83,6.64,7.60,0.9918
84,6.72,7.68,0.9536
85,6.80,7.76,0.9576
86,6.88,7.84,0.9048
87,6.96,7.92,0.7904
88,7.04,8.00,0.7064
89,7.12,8.08,0.1402
90,7.20,8.16,0.0188
91,7.28,8.24,0.0091
92,7.36,8.32,0.0080
93,7.44,8.40,0.0035
94,7.52,8.48,0.0329
95,7.60,8.56,0.0737
96,7.68,8.64,0.1833
97,7.76,8.72,0.6057
98,7.84,8.80,0.8208
99,7.92,8.88,0.9714
100,8.00,8.96,0.9408
101,8.08,9.04,0.8034
102,8.16,9.12,0.8269
103,8.24,9.20,0.8939
104,8.32,9.28,0.7246
105,8.40,9.36,0.4636
106,8.48,9.44,0.7140
107,8.56,9.52,0.6445
108,8.64,9.60,0.3718
109,8.72,9.68,0.8300
110,8.80,9.76,0.7839
111,8.88,9.84,0.9632
112,8.96,9.92,0.9693
113,9.04,10.00,0.9808
