0,0.00,0.96,0.9969
1,0.08,1.04,0.9898
2,0.16,1.12,0.9403
3,0.24,1.20,0.1838
4,0.32,1.28,0.0103
5,0.40,1.36,0.0077
6,0.48,1.44,0.0679
7,0.56,1.52,0.0224
8,0.64,1.60,0.0612
9,0.72,1.68,0.0313
10,0.80,1.76,0.0333
11,0.88,1.84,0.1238
12,0.96,1.92,0.0656
13,1.04,2.00,0.0273
14,1.12,2.08,0.1619
15,1.20,2.16,0.2019
16,1.28,2.24,0.6195
17,1.36,2.32,0.5809
18,1.44,2.40,0.9529
19,1.52,2.48,0.9829
20,1.60,2.56,0.9942
21,1.68,2.64,0.9963
22,1.76,2.72,0.9935
23,1.84,2.80,0.9933
24,1.92,2.88,0.9870
25,2.00,2.96,0.9956
26,2.08,3.04,0.9929
27,2.16,3.12,0.9543
28,2.24,3.20,0.7863
29,2.32,3.28,0.4646
30,2.40,3.36,0.8098
31,2.48,3.44,0.6566
32,2.56,3.52,0.8466
33,2.64,3.60,0.9141
34,2.72,3.68,0.9343
35,2.80,3.76,0.9700
36,2.88,3.84,0.9782
37,2.96,3.92,0.6698
38,3.04,4.00,0.7360
39,3.12,4.08,0.8962
40,3.20,4.16,0.9888
41,3.28,4.24,0.9983
42,3.36,4.32,0.9874
43,3.44,4.40,0.9805
44,3.52,4.48,0.8946
45,3.60,4.56,0.9870
46,3.68,4.64,0.9959
47,3.76,4.72,0.9965
48,3.84,4.80,0.9961
49,3.92,4.88,0.9990
50,4.00,4.96,0.9996
51,4.08,5.04,0.9998
52,4.16,5.12,0.9997
53,4.24,5.20,0.9990
54,4.32,5.28,0.9993
55,4.40,5.36,0.9994
56,4.48,5.44,0.9978
57,4.56,5.52,0.9891
58,4.64,5.60,0.9890
59,4.72,5.68,0.9912
60,4.80,5.76,0.8579
61,4.88,5.84,0.4740
62,4.96,5.92,0.3027
63,5.04,6.00,0.2837
64,5.12,6.08,0.1595
65,5.20,6.16,0.7570
66,5.28,6.24,0.8949
67,5.36,6.32,0.9688
68,5.44,6.40,0.9978
69,5.52,6.48,0.9969
70,5.60,6.56,0.9971
71,5.68,6.64,0.9873
72,5.76,6.72,0.9859
73,5.84,6.80,0.9248
74,5.92,6.88,0.9745
75,6.00,6.96,0.9808
76,6.08,7.04,0.9520
77,6.16,7.12,0.8814
78,6.24,7.20,0.8594
79,6.32,7.28,0.2924
80,6.40,7.36,0.1788
81,6.48,7.44,0.2314
82,6.56,7.52,0.0340
83,6.64,7.60,0.1738
84,6.72,7.68,0.0889
85,6.80,7.76,0.3213
86,6.88,7.84,0.3602
87,6.96,7.92,0.9294
88,7.04,8.00,0.8729
89,7.12,8.08,0.6556
90,7.20,8.16,0.8261
91,7.28,8.24,0.8321
92,7.36,8.32,0.5882
93,7.44,8.40,0.8506
94,7.52,8.48,0.4743
95,7.60,8.56,0.3875
96,7.68,8.64,0.4498
97,7.76,8.72,0.8343
98,7.84,8.80,0.9746
99,7.92,8.88,0.9936
100,8.00,8.96,0.9910
101,8.08,9.04,0.8524
102,8.16,9.12,0.9370
103,8.24,9.20,0.9912
104,8.32,9.28,0.9977
105,8.40,9.36,0.9980
106,8.48,9.44,0.9882
107,8.56,9.52,0.9773
108,8.64,9.60,0.9978
109,8.72,9.68,0.9832
110,8.80,9.76,0.9399
111,8.88,9.84,0.9844
112,8.96,9.92,0.9746
113,9.04,10.00,0.9147
