0,0.00,0.96,0.0085
1,0.08,1.04,0.0057
2,0.16,1.12,0.0042
3,0.24,1.20,0.0032
4,0.32,1.28,0.0027
5,0.40,1.36,0.0017
6,0.48,1.44,0.0017
7,0.56,1.52,0.0017
8,0.64,1.60,0.0015
9,0.72,1.68,0.0019
10,0.80,1.76,0.0024
11,0.88,1.84,0.0021
12,0.96,1.92,0.0022
13,1.04,2.00,0.0063
14,1.12,2.08,0.0142
15,1.20,2.16,0.0069
16,1.28,2.24,0.0041
17,1.36,2.32,0.0030
18,1.44,2.40,0.0088
19,1.52,2.48,0.0200
20,1.60,2.56,0.0964
21,1.68,2.64,0.6283
22,1.76,2.72,0.9144
23,1.84,2.80,0.9882
24,1.92,2.88,0.9976
25,2.00,2.96,0.9987
26,2.08,3.04,0.9995
27,2.16,3.12,0.9992
28,2.24,3.20,0.9995
29,2.32,3.28,0.9993
30,2.40,3.36,0.9990
31,2.48,3.44,0.9984
32,2.56,3.52,0.9978
33,2.64,3.60,0.9977
34,2.72,3.68,0.9942
35,2.80,3.76,0.9954
36,2.88,3.84,0.9957
37,2.96,3.92,0.9977
38,3.04,4.00,0.9983
39,3.12,4.08,0.9979
40,3.20,4.16,0.9978
41,3.28,4.24,0.9978
42,3.36,4.32,0.9990
43,3.44,4.40,0.9986
44,3.52,4.48,0.9981
45,3.60,4.56,0.9973
46,3.68,4.64,0.9956
47,3.76,4.72,0.9971
48,3.84,4.80,0.9978
49,3.92,4.88,0.9989
50,4.00,4.96,0.9993
51,4.08,5.04,0.9997
52,4.16,5.12,0.9996
53,4.24,5.20,0.9995
54,4.32,5.28,0.9990
55,4.40,5.36,0.9992
56,4.48,5.44,0.9992
57,4.56,5.52,0.9993
58,4.64,5.60,0.9983
59,4.72,5.68,0.9969
60,4.80,5.76,0.9894
61,4.88,5.84,0.9436
62,4.96,5.92,0.6177
63,5.04,6.00,0.2749
64,5.12,6.08,0.1305
65,5.20,6.16,0.0194
66,5.28,6.24,0.0111
67,5.36,6.32,0.0020
68,5.44,6.40,0.0029
69,5.52,6.48,0.0014
70,5.60,6.56,0.0013
71,5.68,6.64,0.0009
72,5.76,6.72,0.0011
73,5.84,6.80,0.0020
74,5.92,6.88,0.0010
75,6.00,6.96,0.0012
76,6.08,7.04,0.0017
77,6.16,7.12,0.0092
78,6.24,7.20,0.0416
79,6.32,7.28,0.1292
80,6.40,7.36,0.4976
81,6.48,7.44,0.9425
82,6.56,7.52,0.9920
83,6.64,7.60,0.9964
84,6.72,7.68,0.9981
85,6.80,7.76,0.9986
86,6.88,7.84,0.9983
87,6.96,7.92,0.9968
88,7.04,8.00,0.9965
89,7.12,8.08,0.9985
90,7.20,8.16,0.9983
91,7.28,8.24,0.9984
92,7.36,8.32,0.9986
93,7.44,8.40,0.9995
94,7.52,8.48,0.9994
95,7.60,8.56,0.9996
96,7.68,8.64,0.9993
97,7.76,8.72,0.9992
98,7.84,8.80,0.9991
99,7.92,8.88,0.9987
100,8.00,8.96,0.9980
101,8.08,9.04,0.9972
102,8.16,9.12,0.9851
103,8.24,9.20,0.9230
104,8.32,9.28,0.6947
105,8.40,9.36,0.1710
106,8.48,9.44,0.0573
107,8.56,9.52,0.0158
108,8.64,9.60,0.0064
109,8.72,9.68,0.0019
110,8.80,9.76,0.0018
111,8.88,9.84,0.0024
112,8.96,9.92,0.0056
113,9.04,10.00,0.0067
