0,0.00,0.96,0.7031
1,0.08,1.04,0.9936
2,0.16,1.12,0.9995
3,0.24,1.20,0.9999
4,0.32,1.28,0.9997
5,0.40,1.36,0.9999
6,0.48,1.44,0.9997
7,0.56,1.52,0.9886
8,0.64,1.60,0.9989
9,0.72,1.68,0.9997
10,0.80,1.76,0.9990
11,0.88,1.84,0.9801
12,0.96,1.92,0.9325
13,1.04,2.00,0.3581
14,1.12,2.08,0.8534
15,1.20,2.16,0.2915
16,1.28,2.24,0.5863
17,1.36,2.32,0.3386
18,1.44,2.40,0.0745
19,1.52,2.48,0.2607
20,1.60,2.56,0.2939
21,1.68,2.64,0.7921
22,1.76,2.72,0.3472
23,1.84,2.80,0.2142
24,1.92,2.88,0.0087
25,2.00,2.96,0.0008
26,2.08,3.04,0.1003
27,2.16,3.12,0.8863
28,2.24,3.20,0.8365
29,2.32,3.28,0.3527
30,2.40,3.36,0.1567
31,2.48,3.44,0.3590
32,2.56,3.52,0.1085
33,2.64,3.60,0.1483
34,2.72,3.68,0.1772
35,2.80,3.76,0.1241
36,2.88,3.84,0.1311
37,2.96,3.92,0.4541
38,3.04,4.00,0.2734
39,3.12,4.08,0.7151
40,3.20,4.16,0.6711
41,3.28,4.24,0.8162
42,3.36,4.32,0.9858
43,3.44,4.40,0.9746
44,3.52,4.48,0.9939
45,3.60,4.56,0.8096
46,3.68,4.64,0.7053
47,3.76,4.72,0.7854
48,3.84,4.80,0.9933
49,3.92,4.88,0.7450
50,4.00,4.96,0.7750
51,4.08,5.04,0.9841
52,4.16,5.12,0.9211
53,4.24,5.20,0.8945
54,4.32,5.28,0.9453
55,4.40,5.36,0.9592
56,4.48,5.44,0.9971
57,4.56,5.52,0.9976
58,4.64,5.60,0.9996
59,4.72,5.68,0.9978
60,4.80,5.76,0.9839
61,4.88,5.84,0.9686
62,4.96,5.92,0.7573
63,5.04,6.00,0.8843
64,5.12,6.08,0.7204
65,5.20,6.16,0.3279
66,5.28,6.24,0.4429
67,5.36,6.32,0.0502
68,5.44,6.40,0.1426
69,5.52,6.48,0.0441
70,5.60,6.56,0.2491
71,5.68,6.64,0.1034
72,5.76,6.72,0.2521
73,5.84,6.80,0.2687
74,5.92,6.88,0.5175
75,6.00,6.96,0.4559
76,6.08,7.04,0.0320
77,6.16,7.12,0.2608
78,6.24,7.20,0.3052
79,6.32,7.28,0.7677
80,6.40,7.36,0.9467
81,6.48,7.44,0.8563
82,6.56,7.52,0.6721
83,6.64,7.60,0.9317
84,6.72,7.68,0.9108
85,6.80,7.76,0.9848
86,6.88,7.84,0.9731
87,6.96,7.92,0.9947
88,7.04,8.00,0.9959
89,7.12,8.08,0.9957
90,7.20,8.16,0.9859
91,7.28,8.24,0.9874
92,7.36,8.32,0.9979
93,7.44,8.40,0.9954
94,7.52,8.48,0.9970
95,7.60,8.56,0.9949
96,7.68,8.64,0.9932
97,7.76,8.72,0.9995
98,7.84,8.80,0.9998
99,7.92,8.88,0.9995
100,8.00,8.96,0.9992
101,8.08,9.04,0.9932
102,8.16,9.12,0.9856
103,8.24,9.20,0.9888
104,8.32,9.28,0.9965
105,8.40,9.36,0.9983
106,8.48,9.44,0.9758
107,8.56,9.52,0.9947
108,8.64,9.60,0.9899
109,8.72,9.68,0.9217
110,8.80,9.76,0.9926
111,8.88,9.84,0.9991
112,8.96,9.92,0.9987
113,9.04,10.00,0.9992
