0,0.00,0.96,0.0029
1,0.08,1.04,0.0043
2,0.16,1.12,0.0114
3,0.24,1.20,0.0167
4,0.32,1.28,0.0194
5,0.40,1.36,0.0484
6,0.48,1.44,0.1590
7,0.56,1.52,0.4429
8,0.64,1.60,0.6121
9,0.72,1.68,0.9498
10,0.80,1.76,0.9918
11,0.88,1.84,0.9908
12,0.96,1.92,0.9923
13,1.04,2.00,0.9923
14,1.12,2.08,0.9845
15,1.20,2.16,0.9567
16,1.28,2.24,0.9555
17,1.36,2.32,0.9630
18,1.44,2.40,0.9353
19,1.52,2.48,0.9647
20,1.60,2.56,0.9889
21,1.68,2.64,0.9946
22,1.76,2.72,0.9941
23,1.84,2.80,0.9801
24,1.92,2.88,0.9906
25,2.00,2.96,0.9924
26,2.08,3.04,0.9947
27,2.16,3.12,0.9986
28,2.24,3.20,0.9968
29,2.32,3.28,0.9752
30,2.40,3.36,0.9633
31,2.48,3.44,0.9819
32,2.56,3.52,0.9861
33,2.64,3.60,0.9741
34,2.72,3.68,0.9518
35,2.80,3.76,0.9606
36,2.88,3.84,0.9400
37,2.96,3.92,0.9736
38,3.04,4.00,0.9745
39,3.12,4.08,0.9687
40,3.20,4.16,0.9498
41,3.28,4.24,0.9485
42,3.36,4.32,0.9144
43,3.44,4.40,0.8447
44,3.52,4.48,0.7074
45,3.60,4.56,0.4777
46,3.68,4.64,0.1681
47,3.76,4.72,0.0711
48,3.84,4.80,0.0529
49,3.92,4.88,0.2547
50,4.00,4.96,0.1807
51,4.08,5.04,0.3166
52,4.16,5.12,0.6475
53,4.24,5.20,0.8526
54,4.32,5.28,0.9774
55,4.40,5.36,0.9880
56,4.48,5.44,0.9919
57,4.56,5.52,0.9964
58,4.64,5.60,0.9989
59,4.72,5.68,0.9994
60,4.80,5.76,0.9990
61,4.88,5.84,0.9986
62,4.96,5.92,0.9981
63,5.04,6.00,0.9974
64,5.12,6.08,0.9904
65,5.20,6.16,0.9865
66,5.28,6.24,0.9512
67,5.36,6.32,0.7863
68,5.44,6.40,0.2725
69,5.52,6.48,0.1631
70,5.60,6.56,0.0511
71,5.68,6.64,0.0892
72,5.76,6.72,0.2430
73,5.84,6.80,0.7057
74,5.92,6.88,0.9765
75,6.00,6.96,0.9936
76,6.08,7.04,0.9985
77,6.16,7.12,0.9990
78,6.24,7.20,0.9994
79,6.32,7.28,0.9997
80,6.40,7.36,0.9992
81,6.48,7.44,0.9980
82,6.56,7.52,0.9984
83,6.64,7.60,0.9980
84,6.72,7.68,0.9979
85,6.80,7.76,0.9970
86,6.88,7.84,0.9950
87,6.96,7.92,0.9983
88,7.04,8.00,0.9955
89,7.12,8.08,0.9971
90,7.20,8.16,0.9977
91,7.28,8.24,0.9921
92,7.36,8.32,0.9873
93,7.44,8.40,0.9833
94,7.52,8.48,0.9909
95,7.60,8.56,0.9896
96,7.68,8.64,0.9904
97,7.76,8.72,0.9749
98,7.84,8.80,0.9944
99,7.92,8.88,0.9878
100,8.00,8.96,0.9713
101,8.08,9.04,0.8308
102,8.16,9.12,0.3906
103,8.24,9.20,0.3642
104,8.32,9.28,0.0356
105,8.40,9.36,0.0206
106,8.48,9.44,0.0060
107,8.56,9.52,0.0048
108,8.64,9.60,0.0038
109,8.72,9.68,0.0025
110,8.80,9.76,0.0036
111,8.88,9.84,0.0008
112,8.96,9.92,0.0012
113,9.04,10.00,0.0018
