0,0.00,0.96,0.9967
1,0.08,1.04,0.9990
2,0.16,1.12,0.8095
3,0.24,1.20,0.6444
4,0.32,1.28,0.7444
5,0.40,1.36,0.4765
6,0.48,1.44,0.4055
7,0.56,1.52,0.9767
8,0.64,1.60,0.9964
9,0.72,1.68,0.9771
10,0.80,1.76,0.9348
11,0.88,1.84,0.5637
12,0.96,1.92,0.8902
13,1.04,2.00,0.8520
14,1.12,2.08,0.1440
15,1.20,2.16,0.3352
16,1.28,2.24,0.6975
17,1.36,2.32,0.9546
18,1.44,2.40,0.9452
19,1.52,2.48,0.8929
20,1.60,2.56,0.9976
21,1.68,2.64,0.9954
22,1.76,2.72,0.9980
23,1.84,2.80,0.9890
24,1.92,2.88,0.9958
25,2.00,2.96,0.8961
26,2.08,3.04,0.8016
27,2.16,3.12,0.3482
28,2.24,3.20,0.2457
29,2.32,3.28,0.8689
30,2.40,3.36,0.6354
31,2.48,3.44,0.8509
32,2.56,3.52,0.9806
33,2.64,3.60,0.9235
34,2.72,3.68,0.9578
35,2.80,3.76,0.9365
36,2.88,3.84,0.8319
37,2.96,3.92,0.8842
38,3.04,4.00,0.9897
39,3.12,4.08,0.8784
40,3.20,4.16,0.3343
41,3.28,4.24,0.0505
42,3.36,4.32,0.2872
43,3.44,4.40,0.7245
44,3.52,4.48,0.3334
45,3.60,4.56,0.0067
46,3.68,4.64,0.0041
47,3.76,4.72,0.0345
48,3.84,4.80,0.0772
49,3.92,4.88,0.2571
50,4.00,4.96,0.2584
51,4.08,5.04,0.8787
52,4.16,5.12,0.9586
53,4.24,5.20,0.9885
54,4.32,5.28,0.9898
55,4.40,5.36,0.9948
56,4.48,5.44,0.9964
57,4.56,5.52,0.9641
58,4.64,5.60,0.9800
59,4.72,5.68,0.9943
60,4.80,5.76,0.9990
61,4.88,5.84,0.9989
62,4.96,5.92,0.9851
63,5.04,6.00,0.9138
64,5.12,6.08,0.8338
65,5.20,6.16,0.9003
66,5.28,6.24,0.8888
67,5.36,6.32,0.5198
68,5.44,6.40,0.1778
69,5.52,6.48,0.0094
70,5.60,6.56,0.0001
71,5.68,6.64,0.0009
72,5.76,6.72,0.3478
73,5.84,6.80,0.9695
74,5.92,6.88,0.8114
75,6.00,6.96,0.8810
76,6.08,7.04,0.3478
77,6.16,7.12,0.0777
78,6.24,7.20,0.0206
79,6.32,7.28,0.0342
80,6.40,7.36,0.0422
81,6.48,7.44,0.0829
82,6.56,7.52,0.2168
83,6.64,7.60,0.0804
84,6.72,7.68,0.0633
85,6.80,7.76,0.0067
86,6.88,7.84,0.0007
87,6.96,7.92,0.0001
88,7.04,8.00,0.0014
89,7.12,8.08,0.0018
90,7.20,8.16,0.0001
91,7.28,8.24,0.0004
92,7.36,8.32,0.0001
93,7.44,8.40,0.0103
94,7.52,8.48,0.0055
95,7.60,8.56,0.0351
96,7.68,8.64,0.2623
97,7.76,8.72,0.0435
98,7.84,8.80,0.0585
99,7.92,8.88,0.1650
100,8.00,8.96,0.1783
101,8.08,9.04,0.2716
102,8.16,9.12,0.0227
103,8.24,9.20,0.0825
104,8.32,9.28,0.0356
105,8.40,9.36,0.0812
106,8.48,9.44,0.3441
107,8.56,9.52,0.5807
108,8.64,9.60,0.6474
109,8.72,9.68,0.8320
110,8.80,9.76,0.9401
111,8.88,9.84,0.9959
112,8.96,9.92,0.9935
113,9.04,10.00,0.9944
