0,0.00,0.96,0.0539
1,0.08,1.04,0.0190
2,0.16,1.12,0.0371
3,0.24,1.20,0.0529
4,0.32,1.28,0.1552
5,0.40,1.36,0.6536
6,0.48,1.44,0.8797
7,0.56,1.52,0.9819
8,0.64,1.60,0.9788
9,0.72,1.68,0.9690
10,0.80,1.76,0.9768
11,0.88,1.84,0.9778
12,0.96,1.92,0.9741
13,1.04,2.00,0.9417
14,1.12,2.08,0.9838
15,1.20,2.16,0.9763
16,1.28,2.24,0.9937
17,1.36,2.32,0.9921
18,1.44,2.40,0.9947
19,1.52,2.48,0.9958
20,1.60,2.56,0.9877
21,1.68,2.64,0.9903
22,1.76,2.72,0.9981
23,1.84,2.80,0.9975
24,1.92,2.88,0.9984
25,2.00,2.96,0.9985
26,2.08,3.04,0.9976
27,2.16,3.12,0.9948
28,2.24,3.20,0.9896
29,2.32,3.28,0.9785
30,2.40,3.36,0.7172
31,2.48,3.44,0.4741
32,2.56,3.52,0.1988
33,2.64,3.60,0.0746
34,2.72,3.68,0.1764
35,2.80,3.76,0.1014
36,2.88,3.84,0.0561
37,2.96,3.92,0.2914
38,3.04,4.00,0.2583
39,3.12,4.08,0.1926
40,3.20,4.16,0.7264
41,3.28,4.24,0.8960
42,3.36,4.32,0.9623
43,3.44,4.40,0.9566
44,3.52,4.48,0.8791
45,3.60,4.56,0.7786
46,3.68,4.64,0.8211
47,3.76,4.72,0.6853
48,3.84,4.80,0.8157
49,3.92,4.88,0.7405
50,4.00,4.96,0.7144
51,4.08,5.04,0.5953
52,4.16,5.12,0.4586
53,4.24,5.20,0.3255
54,4.32,5.28,0.1149
55,4.40,5.36,0.0725
56,4.48,5.44,0.0596
57,4.56,5.52,0.0053
58,4.64,5.60,0.0142
59,4.72,5.68,0.0202
60,4.80,5.76,0.0387
61,4.88,5.84,0.0122
62,4.96,5.92,0.0117
63,5.04,6.00,0.0055
64,5.12,6.08,0.0164
65,5.20,6.16,0.0054
66,5.28,6.24,0.0035
67,5.36,6.32,0.0094
68,5.44,6.40,0.0080
69,5.52,6.48,0.0068
70,5.60,6.56,0.0445
71,5.68,6.64,0.2518
72,5.76,6.72,0.6580
73,5.84,6.80,0.9200
74,5.92,6.88,0.9528
75,6.00,6.96,0.9699
76,6.08,7.04,0.9651
77,6.16,7.12,0.9777
78,6.24,7.20,0.9666
79,6.32,7.28,0.9553
80,6.40,7.36,0.9776
81,6.48,7.44,0.9925
82,6.56,7.52,0.9936
83,6.64,7.60,0.9985
84,6.72,7.68,0.9950
85,6.80,7.76,0.9645
86,6.88,7.84,0.9833
87,6.96,7.92,0.9649
88,7.04,8.00,0.9596
89,7.12,8.08,0.8405
90,7.20,8.16,0.7799
91,7.28,8.24,0.5960
92,7.36,8.32,0.6633
93,7.44,8.40,0.7204
94,7.52,8.48,0.8335
95,7.60,8.56,0.9612
96,7.68,8.64,0.9814
97,7.76,8.72,0.9196
98,7.84,8.80,0.9639
99,7.92,8.88,0.9707
100,8.00,8.96,0.9701
101,8.08,9.04,0.9716
102,8.16,9.12,0.9774
103,8.24,9.20,0.9516
104,8.32,9.28,0.9271
105,8.40,9.36,0.9565
106,8.48,9.44,0.7983
107,8.56,9.52,0.3428
108,8.64,9.60,0.1657
109,8.72,9.68,0.0299
110,8.80,9.76,0.0042
111,8.88,9.84,0.0035
112,8.96,9.92,0.0184
113,9.04,10.00,0.0202
