0,0.00,0.96,0.0009
1,0.08,1.04,0.0008
2,0.16,1.12,0.0012
3,0.24,1.20,0.0017
4,0.32,1.28,0.0053
5,0.40,1.36,0.0024
6,0.48,1.44,0.0219
7,0.56,1.52,0.0109
8,0.64,1.60,0.0121
9,0.72,1.68,0.0047
10,0.80,1.76,0.0020
11,0.88,1.84,0.0014
12,0.96,1.92,0.0010
13,1.04,2.00,0.0012
14,1.12,2.08,0.0009
15,1.20,2.16,0.0031
16,1.28,2.24,0.0022
17,1.36,2.32,0.0015
18,1.44,2.40,0.0018
19,1.52,2.48,0.0074
20,1.60,2.56,0.0141
21,1.68,2.64,0.0262
22,1.76,2.72,0.0214
23,1.84,2.80,0.0379
24,1.92,2.88,0.0778
25,2.00,2.96,0.6723
26,2.08,3.04,0.9342
27,2.16,3.12,0.9460
28,2.24,3.20,0.9572
29,2.32,3.28,0.9459
30,2.40,3.36,0.9227
31,2.48,3.44,0.9664
32,2.56,3.52,0.9675
33,2.64,3.60,0.9961
34,2.72,3.68,0.9985
35,2.80,3.76,0.9994
36,2.88,3.84,0.9994
37,2.96,3.92,0.9986
38,3.04,4.00,0.9988
39,3.12,4.08,0.9976
40,3.20,4.16,0.9993
41,3.28,4.24,0.9992
42,3.36,4.32,0.9990
43,3.44,4.40,0.9986
44,3.52,4.48,0.9996
45,3.60,4.56,0.9973
46,3.68,4.64,0.9994
47,3.76,4.72,0.9987
48,3.84,4.80,0.9936
49,3.92,4.88,0.9869
50,4.00,4.96,0.9498
51,4.08,5.04,0.9802
52,4.16,5.12,0.9591
53,4.24,5.20,0.9739
54,4.32,5.28,0.9911
55,4.40,5.36,0.9741
56,4.48,5.44,0.9352
57,4.56,5.52,0.6159
58,4.64,5.60,0.2853
59,4.72,5.68,0.5756
60,4.80,5.76,0.3830
61,4.88,5.84,0.1184
62,4.96,5.92,0.0328
63,5.04,6.00,0.0228
64,5.12,6.08,0.0233
65,5.20,6.16,0.0155
66,5.28,6.24,0.0257
67,5.36,6.32,0.0104
68,5.44,6.40,0.0050
69,5.52,6.48,0.0091
70,5.60,6.56,0.0037
71,5.68,6.64,0.0099
72,5.76,6.72,0.0112
73,5.84,6.80,0.0024
74,5.92,6.88,0.0041
75,6.00,6.96,0.0012
76,6.08,7.04,0.0040
77,6.16,7.12,0.0043
78,6.24,7.20,0.0301
79,6.32,7.28,0.0749
80,6.40,7.36,0.0325
81,6.48,7.44,0.0105
82,6.56,7.52,0.0212
83,6.64,7.60,0.0393
84,6.72,7.68,0.6047
85,6.80,7.76,0.8689
86,6.88,7.84,0.9810
87,6.96,7.92,0.9876
88,7.04,8.00,0.9901
89,7.12,8.08,0.9912
90,7.20,8.16,0.9968
91,7.28,8.24,0.9971
92,7.36,8.32,0.9909
93,7.44,8.40,0.9979
94,7.52,8.48,0.9965
95,7.60,8.56,0.9937
96,7.68,8.64,0.9224
97,7.76,8.72,0.9711
98,7.84,8.80,0.9795
99,7.92,8.88,0.9844
100,8.00,8.96,0.9805
101,8.08,9.04,0.9729
102,8.16,9.12,0.9706
103,8.24,9.20,0.9849
104,8.32,9.28,0.9925
105,8.40,9.36,0.9906
106,8.48,9.44,0.9961
107,8.56,9.52,0.9952
108,8.64,9.60,0.9916
109,8.72,9.68,0.9930
110,8.80,9.76,0.9761
111,8.88,9.84,0.9843
112,8.96,9.92,0.9412
113,9.04,10.00,0.8650
