0,0.00,0.96,0.9840
1,0.08,1.04,0.9991
2,0.16,1.12,0.9946
3,0.24,1.20,0.9809
4,0.32,1.28,0.9679
5,0.40,1.36,0.9946
6,0.48,1.44,0.9530
7,0.56,1.52,0.5651
8,0.64,1.60,0.9831
9,0.72,1.68,0.9881
10,0.80,1.76,0.9926
11,0.88,1.84,0.9870
12,0.96,1.92,0.9923
13,1.04,2.00,0.9163
14,1.12,2.08,0.8026
15,1.20,2.16,0.8792
16,1.28,2.24,0.2689
17,1.36,2.32,0.3705
18,1.44,2.40,0.4364
19,1.52,2.48,0.4850
20,1.60,2.56,0.3760
21,1.68,2.64,0.1364
22,1.76,2.72,0.0111
23,1.84,2.80,0.0167
24,1.92,2.88,0.0096
25,2.00,2.96,0.0012
26,2.08,3.04,0.0018
27,2.16,3.12,0.0017
28,2.24,3.20,0.0015
29,2.32,3.28,0.0001
30,2.40,3.36,0.0011
31,2.48,3.44,0.0004
32,2.56,3.52,0.0012
33,2.64,3.60,0.0008
34,2.72,3.68,0.0011
35,2.80,3.76,0.0168
36,2.88,3.84,0.0763
37,2.96,3.92,0.5001
38,3.04,4.00,0.7667
39,3.12,4.08,0.9253
40,3.20,4.16,0.6402
41,3.28,4.24,0.7638
42,3.36,4.32,0.8452
43,3.44,4.40,0.9832
44,3.52,4.48,0.9648
45,3.60,4.56,0.9770
46,3.68,4.64,0.9826
47,3.76,4.72,0.9964
48,3.84,4.80,0.9934
49,3.92,4.88,0.9973
50,4.00,4.96,0.9512
51,4.08,5.04,0.6774
52,4.16,5.12,0.1179
53,4.24,5.20,0.5599
54,4.32,5.28,0.8677
55,4.40,5.36,0.9711
56,4.48,5.44,0.9268
57,4.56,5.52,0.8724
58,4.64,5.60,0.8881
59,4.72,5.68,0.9886
60,4.80,5.76,0.9988
61,4.88,5.84,0.9993
62,4.96,5.92,0.9991
63,5.04,6.00,0.9997
64,5.12,6.08,0.9990
65,5.20,6.16,0.9965
66,5.28,6.24,0.9921
67,5.36,6.32,0.9355
68,5.44,6.40,0.8523
69,5.52,6.48,0.3281
70,5.60,6.56,0.5285
71,5.68,6.64,0.4720
72,5.76,6.72,0.7183
73,5.84,6.80,0.0705
74,5.92,6.88,0.4900
75,6.00,6.96,0.0594
76,6.08,7.04,0.0158
77,6.16,7.12,0.0154
78,6.24,7.20,0.2433
79,6.32,7.28,0.4915
80,6.40,7.36,0.5941
81,6.48,7.44,0.5167
82,6.56,7.52,0.2776
83,6.64,7.60,0.8669
84,6.72,7.68,0.9739
85,6.80,7.76,0.9969
86,6.88,7.84,0.9975
87,6.96,7.92,0.8470
88,7.04,8.00,0.5679
89,7.12,8.08,0.8325
90,7.20,8.16,0.8108
91,7.28,8.24,0.7431
92,7.36,8.32,0.4893
93,7.44,8.40,0.8861
94,7.52,8.48,0.9532
95,7.60,8.56,0.9791
96,7.68,8.64,0.9462
97,7.76,8.72,0.9630
98,7.84,8.80,0.7981
99,7.92,8.88,0.8349
100,8.00,8.96,0.1592
101,8.08,9.04,0.0522
102,8.16,9.12,0.1113
103,8.24,9.20,0.9239
104,8.32,9.28,0.5229
105,8.40,9.36,0.2645
106,8.48,9.44,0.5513
107,8.56,9.52,0.9690
108,8.64,9.60,0.9772
109,8.72,9.68,0.9913
110,8.80,9.76,0.9821
111,8.88,9.84,0.9598
112,8.96,9.92,0.9667
113,9.04,10.00,0.9204
