0,0.00,0.96,0.9565
1,0.08,1.04,0.9688
2,0.16,1.12,0.9899
3,0.24,1.20,0.9966
4,0.32,1.28,0.9933
5,0.40,1.36,0.9960
6,0.48,1.44,0.9847
7,0.56,1.52,0.9920
8,0.64,1.60,0.9798
9,0.72,1.68,0.9888
10,0.80,1.76,0.9922
11,0.88,1.84,0.9911
12,0.96,1.92,0.9964
13,1.04,2.00,0.9542
14,1.12,2.08,0.8430
15,1.20,2.16,0.8460
16,1.28,2.24,0.5216
17,1.36,2.32,0.5592
18,1.44,2.40,0.5996
19,1.52,2.48,0.9471
20,1.60,2.56,0.9624
21,1.68,2.64,0.9916
22,1.76,2.72,0.9931
23,1.84,2.80,0.9814
24,1.92,2.88,0.9836
25,2.00,2.96,0.9935
26,2.08,3.04,0.9984
27,2.16,3.12,0.9966
28,2.24,3.20,0.9521
29,2.32,3.28,0.6754
30,2.40,3.36,0.7041
31,2.48,3.44,0.1382
32,2.56,3.52,0.8550
33,2.64,3.60,0.9520
34,2.72,3.68,0.9038
35,2.80,3.76,0.7272
36,2.88,3.84,0.9504
37,2.96,3.92,0.8244
38,3.04,4.00,0.6348
39,3.12,4.08,0.5275
40,3.20,4.16,0.7277
41,3.28,4.24,0.9159
42,3.36,4.32,0.9867
43,3.44,4.40,0.9965
44,3.52,4.48,0.9948
45,3.60,4.56,0.9983
46,3.68,4.64,0.9925
47,3.76,4.72,0.8915
48,3.84,4.80,0.8154
49,3.92,4.88,0.6899
50,4.00,4.96,0.6212
51,4.08,5.04,0.4486
52,4.16,5.12,0.4820
53,4.24,5.20,0.8239
54,4.32,5.28,0.9874
55,4.40,5.36,0.8605
56,4.48,5.44,0.5977
57,4.56,5.52,0.4873
58,4.64,5.60,0.8536
59,4.72,5.68,0.8653
60,4.80,5.76,0.7711
61,4.88,5.84,0.9374
62,4.96,5.92,0.9857
63,5.04,6.00,0.9837
64,5.12,6.08,0.9466
65,5.20,6.16,0.9681
66,5.28,6.24,0.9586
67,5.36,6.32,0.9485
68,5.44,6.40,0.9131
69,5.52,6.48,0.9803
70,5.60,6.56,0.9854
71,5.68,6.64,0.9961
72,5.76,6.72,0.9991
73,5.84,6.80,0.9991
74,5.92,6.88,0.9964
75,6.00,6.96,0.9988
76,6.08,7.04,0.9988
77,6.16,7.12,0.9999
78,6.24,7.20,0.9999
79,6.32,7.28,0.9999
80,6.40,7.36,0.9997
81,6.48,7.44,0.9993
82,6.56,7.52,0.9978
83,6.64,7.60,0.9977
84,6.72,7.68,0.9982
85,6.80,7.76,0.9994
86,6.88,7.84,0.9992
87,6.96,7.92,0.9968
88,7.04,8.00,0.9925
89,7.12,8.08,0.9425
90,7.20,8.16,0.9950
91,7.28,8.24,0.9854
92,7.36,8.32,0.9957
93,7.44,8.40,0.9959
94,7.52,8.48,0.9961
95,7.60,8.56,0.9934
96,7.68,8.64,0.9746
97,7.76,8.72,0.9091
98,7.84,8.80,0.9932
99,7.92,8.88,0.9925
100,8.00,8.96,0.9980
101,8.08,9.04,0.9995
102,8.16,9.12,0.9981
103,8.24,9.20,0.9982
104,8.32,9.28,0.9972
105,8.40,9.36,0.9786
106,8.48,9.44,0.9717
107,8.56,9.52,0.9877
108,8.64,9.60,0.9720
109,8.72,9.68,0.9577
110,8.80,9.76,0.9521
111,8.88,9.84,0.9977
112,8.96,9.92,0.9542
113,9.04,10.00,0.9795
