0,0.00,0.96,0.9984
1,0.08,1.04,0.9962
2,0.16,1.12,0.9957
3,0.24,1.20,0.9856
4,0.32,1.28,0.9779
5,0.40,1.36,0.9896
6,0.48,1.44,0.9892
7,0.56,1.52,0.9929
8,0.64,1.60,0.9588
9,0.72,1.68,0.9117
10,0.80,1.76,0.7596
11,0.88,1.84,0.6852
12,0.96,1.92,0.5295
13,1.04,2.00,0.3715
14,1.12,2.08,0.3726
15,1.20,2.16,0.1585
16,1.28,2.24,0.1737
17,1.36,2.32,0.0485
18,1.44,2.40,0.0150
19,1.52,2.48,0.0173
20,1.60,2.56,0.0053
21,1.68,2.64,0.0076
22,1.76,2.72,0.0082
23,1.84,2.80,0.0159
24,1.92,2.88,0.0137
25,2.00,2.96,0.0131
26,2.08,3.04,0.0165
27,2.16,3.12,0.0099
28,2.24,3.20,0.0063
29,2.32,3.28,0.0091
30,2.40,3.36,0.0089
31,2.48,3.44,0.0070
32,2.56,3.52,0.0070
33,2.64,3.60,0.0195
34,2.72,3.68,0.0152
35,2.80,3.76,0.0175
36,2.88,3.84,0.0158
37,2.96,3.92,0.0685
38,3.04,4.00,0.3977
39,3.12,4.08,0.8651
40,3.20,4.16,0.9689
41,3.28,4.24,0.9945
42,3.36,4.32,0.9981
43,3.44,4.40,0.9990
44,3.52,4.48,0.9989
45,3.60,4.56,0.9983
46,3.68,4.64,0.9882
47,3.76,4.72,0.8336
48,3.84,4.80,0.5451
49,3.92,4.88,0.2557
50,4.00,4.96,0.1747
51,4.08,5.04,0.1275
52,4.16,5.12,0.1731
53,4.24,5.20,0.1325
54,4.32,5.28,0.0909
55,4.40,5.36,0.0261
56,4.48,5.44,0.0254
57,4.56,5.52,0.0149
58,4.64,5.60,0.0153
59,4.72,5.68,0.0143
60,4.80,5.76,0.0173
61,4.88,5.84,0.0144
62,4.96,5.92,0.0230
63,5.04,6.00,0.0037
64,5.12,6.08,0.0050
65,5.20,6.16,0.0116
66,5.28,6.24,0.0343
67,5.36,6.32,0.0493
68,5.44,6.40,0.1560
69,5.52,6.48,0.2593
70,5.60,6.56,0.4894
71,5.68,6.64,0.8351
72,5.76,6.72,0.9533
73,5.84,6.80,0.9788
74,5.92,6.88,0.9902
75,6.00,6.96,0.9908
76,6.08,7.04,0.9959
77,6.16,7.12,0.9963
78,6.24,7.20,0.9956
79,6.32,7.28,0.9941
80,6.40,7.36,0.9962
81,6.48,7.44,0.9977
82,6.56,7.52,0.9951
83,6.64,7.60,0.9902
84,6.72,7.68,0.9955
85,6.80,7.76,0.9886
86,6.88,7.84,0.9892
87,6.96,7.92,0.9908
88,7.04,8.00,0.9854
89,7.12,8.08,0.9400
90,7.20,8.16,0.7609
91,7.28,8.24,0.6494
92,7.36,8.32,0.0698
93,7.44,8.40,0.0210
94,7.52,8.48,0.0219
95,7.60,8.56,0.0139
96,7.68,8.64,0.0266
97,7.76,8.72,0.0210
98,7.84,8.80,0.0193
99,7.92,8.88,0.0141
100,8.00,8.96,0.0095
101,8.08,9.04,0.0078
102,8.16,9.12,0.0151
103,8.24,9.20,0.0228
104,8.32,9.28,0.1444
105,8.40,9.36,0.5460
106,8.48,9.44,0.9211
107,8.56,9.52,0.9590
108,8.64,9.60,0.9670
109,8.72,9.68,0.9882
110,8.80,9.76,0.9989
111,8.88,9.84,0.9994
112,8.96,9.92,0.9989
113,9.04,10.00,0.9989
