0,0.00,0.96,0.8904
1,0.08,1.04,0.9837
2,0.16,1.12,0.9709
3,0.24,1.20,0.9679
4,0.32,1.28,0.9848
5,0.40,1.36,0.9500
6,0.48,1.44,0.9780
7,0.56,1.52,0.9873
8,0.64,1.60,0.9957
9,0.72,1.68,0.9974
10,0.80,1.76,0.9989
11,0.88,1.84,0.9977
12,0.96,1.92,0.9920
13,1.04,2.00,0.9987
14,1.12,2.08,0.9903
15,1.20,2.16,0.9579
16,1.28,2.24,0.9782
17,1.36,2.32,0.9952
18,1.44,2.40,0.9946
19,1.52,2.48,0.9972
20,1.60,2.56,0.9734
21,1.68,2.64,0.9572
22,1.76,2.72,0.7693
23,1.84,2.80,0.8641
24,1.92,2.88,0.4446
25,2.00,2.96,0.1180
26,2.08,3.04,0.1131
27,2.16,3.12,0.1475
28,2.24,3.20,0.0638
29,2.32,3.28,0.0660
30,2.40,3.36,0.0767
31,2.48,3.44,0.0516
32,2.56,3.52,0.0181
33,2.64,3.60,0.0357
34,2.72,3.68,0.0637
35,2.80,3.76,0.1258
36,2.88,3.84,0.1316
37,2.96,3.92,0.0377
38,3.04,4.00,0.0710
39,3.12,4.08,0.0636
40,3.20,4.16,0.0378
41,3.28,4.24,0.0294
42,3.36,4.32,0.0167
43,3.44,4.40,0.0469
44,3.52,4.48,0.0154
45,3.60,4.56,0.0126
46,3.68,4.64,0.0288
47,3.76,4.72,0.3510
48,3.84,4.80,0.8191
49,3.92,4.88,0.7068
50,4.00,4.96,0.9629
51,4.08,5.04,0.9939
52,4.16,5.12,0.9824
53,4.24,5.20,0.8500
54,4.32,5.28,0.8915
55,4.40,5.36,0.9710
56,4.48,5.44,0.9938
57,4.56,5.52,0.9822
58,4.64,5.60,0.9964
59,4.72,5.68,0.9599
60,4.80,5.76,0.9509
61,4.88,5.84,0.9398
62,4.96,5.92,0.9829
63,5.04,6.00,0.9947
64,5.12,6.08,0.9972
65,5.20,6.16,0.9850
66,5.28,6.24,0.9928
67,5.36,6.32,0.9945
68,5.44,6.40,0.9661
69,5.52,6.48,0.8180
70,5.60,6.56,0.9503
71,5.68,6.64,0.9508
72,5.76,6.72,0.8730
73,5.84,6.80,0.8925
74,5.92,6.88,0.9430
75,6.00,6.96,0.9496
76,6.08,7.04,0.8399
77,6.16,7.12,0.9793
78,6.24,7.20,0.9907
79,6.32,7.28,0.9779
80,6.40,7.36,0.9404
81,6.48,7.44,0.8958
82,6.56,7.52,0.4751
83,6.64,7.60,0.3118
84,6.72,7.68,0.0467
85,6.80,7.76,0.0294
86,6.88,7.84,0.0104
87,6.96,7.92,0.0078
88,7.04,8.00,0.1262
89,7.12,8.08,0.3365
90,7.20,8.16,0.6804
91,7.28,8.24,0.4920
92,7.36,8.32,0.6637
93,7.44,8.40,0.8945
94,7.52,8.48,0.9472
95,7.60,8.56,0.7543
96,7.68,8.64,0.8660
97,7.76,8.72,0.9314
98,7.84,8.80,0.9831
99,7.92,8.88,0.9679
100,8.00,8.96,0.7994
101,8.08,9.04,0.7185
102,8.16,9.12,0.6192
103,8.24,9.20,0.8645
104,8.32,9.28,0.4239
105,8.40,9.36,0.5255
106,8.48,9.44,0.8998
107,8.56,9.52,0.9264
108,8.64,9.60,0.9744
109,8.72,9.68,0.8943
110,8.80,9.76,0.7250
111,8.88,9.84,0.9478
112,8.96,9.92,0.9603
113,9.04,10.00,0.9682
