0,0.00,0.96,0.0046
1,0.08,1.04,0.0082
2,0.16,1.12,0.0097
3,0.24,1.20,0.0142
4,0.32,1.28,0.0277
5,0.40,1.36,0.0276
6,0.48,1.44,0.0075
7,0.56,1.52,0.0056
8,0.64,1.60,0.0090
9,0.72,1.68,0.0061
10,0.80,1.76,0.0172
11,0.88,1.84,0.0189
12,0.96,1.92,0.0344
13,1.04,2.00,0.1604
14,1.12,2.08,0.3859
15,1.20,2.16,0.7721
16,1.28,2.24,0.9656
17,1.36,2.32,0.9775
18,1.44,2.40,0.9912
19,1.52,2.48,0.9973
20,1.60,2.56,0.9979
21,1.68,2.64,0.9991
22,1.76,2.72,0.9972
23,1.84,2.80,0.9925
24,1.92,2.88,0.9961
25,2.00,2.96,0.9978
26,2.08,3.04,0.9974
27,2.16,3.12,0.9979
28,2.24,3.20,0.9986
29,2.32,3.28,0.9974
30,2.40,3.36,0.9960
31,2.48,3.44,0.9967
32,2.56,3.52,0.9981
33,2.64,3.60,0.9960
34,2.72,3.68,0.9958
35,2.80,3.76,0.9956
36,2.88,3.84,0.9968
37,2.96,3.92,0.9969
38,3.04,4.00,0.9959
39,3.12,4.08,0.9981
40,3.20,4.16,0.9973
41,3.28,4.24,0.9967
42,3.36,4.32,0.9921
43,3.44,4.40,0.9903
44,3.52,4.48,0.9944
45,3.60,4.56,0.9960
46,3.68,4.64,0.9974
47,3.76,4.72,0.9979
48,3.84,4.80,0.9991
49,3.92,4.88,0.9961
50,4.00,4.96,0.9633
51,4.08,5.04,0.7648
52,4.16,5.12,0.3110
53,4.24,5.20,0.0546
54,4.32,5.28,0.0185
55,4.40,5.36,0.0165
56,4.48,5.44,0.0224
57,4.56,5.52,0.0203
58,4.64,5.60,0.0549
59,4.72,5.68,0.0308
60,4.80,5.76,0.0093
61,4.88,5.84,0.0165
62,4.96,5.92,0.0049
63,5.04,6.00,0.0035
64,5.12,6.08,0.0056
65,5.20,6.16,0.0057
66,5.28,6.24,0.0054
67,5.36,6.32,0.0030
68,5.44,6.40,0.0036
69,5.52,6.48,0.0087
70,5.60,6.56,0.0141
71,5.68,6.64,0.0213
72,5.76,6.72,0.0422
73,5.84,6.80,0.1515
74,5.92,6.88,0.6314
75,6.00,6.96,0.9280
76,6.08,7.04,0.9712
77,6.16,7.12,0.9645
78,6.24,7.20,0.9879
79,6.32,7.28,0.9865
80,6.40,7.36,0.9934
81,6.48,7.44,0.9914
82,6.56,7.52,0.9879
83,6.64,7.60,0.9918
84,6.72,7.68,0.9983
85,6.80,7.76,0.9988
86,6.88,7.84,0.9987
87,6.96,7.92,0.9988
88,7.04,8.00,0.9960
89,7.12,8.08,0.9929
90,7.20,8.16,0.9750
91,7.28,8.24,0.9940
92,7.36,8.32,0.9979
93,7.44,8.40,0.9982
94,7.52,8.48,0.9982
95,7.60,8.56,0.9952
96,7.68,8.64,0.9951
97,7.76,8.72,0.9985
98,7.84,8.80,0.9984
99,7.92,8.88,0.9975
100,8.00,8.96,0.9930
101,8.08,9.04,0.9974
102,8.16,9.12,0.9972
103,8.24,9.20,0.9924
104,8.32,9.28,0.9887
105,8.40,9.36,0.9753
106,8.48,9.44,0.9622
107,8.56,9.52,0.9234
108,8.64,9.60,0.7056
109,8.72,9.68,0.4557
110,8.80,9.76,0.1487
111,8.88,9.84,0.0743
112,8.96,9.92,0.0206
113,9.04,10.00,0.0616
