0,0.00,0.96,0.0069
1,0.08,1.04,0.0041
2,0.16,1.12,0.0026
3,0.24,1.20,0.0045
4,0.32,1.28,0.0039
5,0.40,1.36,0.0022
6,0.48,1.44,0.0084
7,0.56,1.52,0.0185
8,0.64,1.60,0.0046
9,0.72,1.68,0.0020
10,0.80,1.76,0.0048
11,0.88,1.84,0.0058
12,0.96,1.92,0.0326
13,1.04,2.00,0.1035
14,1.12,2.08,0.2930
15,1.20,2.16,0.4196
16,1.28,2.24,0.8272
17,1.36,2.32,0.8793
18,1.44,2.40,0.9847
19,1.52,2.48,0.9941
20,1.60,2.56,0.9916
21,1.68,2.64,0.9958
22,1.76,2.72,0.9991
23,1.84,2.80,0.9984
24,1.92,2.88,0.9986
25,2.00,2.96,0.9974
26,2.08,3.04,0.9970
27,2.16,3.12,0.9897
28,2.24,3.20,0.9906
29,2.32,3.28,0.9915
30,2.40,3.36,0.9978
31,2.48,3.44,0.9900
32,2.56,3.52,0.9888
33,2.64,3.60,0.9960
34,2.72,3.68,0.9942
35,2.80,3.76,0.9902
36,2.88,3.84,0.9642
37,2.96,3.92,0.8383
38,3.04,4.00,0.3065
39,3.12,4.08,0.0894
40,3.20,4.16,0.0178
41,3.28,4.24,0.0100
42,3.36,4.32,0.0037
43,3.44,4.40,0.0026
44,3.52,4.48,0.0027
45,3.60,4.56,0.0057
46,3.68,4.64,0.0114
47,3.76,4.72,0.0225
48,3.84,4.80,0.1307
49,3.92,4.88,0.6655
50,4.00,4.96,0.9073
51,4.08,5.04,0.9542
52,4.16,5.12,0.9792
53,4.24,5.20,0.9478
54,4.32,5.28,0.9650
55,4.40,5.36,0.9668
56,4.48,5.44,0.9539
57,4.56,5.52,0.9471
58,4.64,5.60,0.9533
59,4.72,5.68,0.9841
60,4.80,5.76,0.9939
61,4.88,5.84,0.9880
62,4.96,5.92,0.9846
63,5.04,6.00,0.9815
64,5.12,6.08,0.9915
65,5.20,6.16,0.9927
66,5.28,6.24,0.9933
67,5.36,6.32,0.9955
68,5.44,6.40,0.9925
69,5.52,6.48,0.9969
70,5.60,6.56,0.9945
71,5.68,6.64,0.9753
72,5.76,6.72,0.9163
73,5.84,6.80,0.8724
74,5.92,6.88,0.4945
75,6.00,6.96,0.3120
76,6.08,7.04,0.0726
77,6.16,7.12,0.0214
78,6.24,7.20,0.0348
79,6.32,7.28,0.0325
80,6.40,7.36,0.1642
81,6.48,7.44,0.4884
82,6.56,7.52,0.6755
83,6.64,7.60,0.8965
84,6.72,7.68,0.9522
85,6.80,7.76,0.9849
86,6.88,7.84,0.9976
87,6.96,7.92,0.9965
88,7.04,8.00,0.9973
89,7.12,8.08,0.9969
90,7.20,8.16,0.9964
91,7.28,8.24,0.9954
92,7.36,8.32,0.9910
93,7.44,8.40,0.9933
94,7.52,8.48,0.9918
95,7.60,8.56,0.9851
96,7.68,8.64,0.9938
97,7.76,8.72,0.9942
98,7.84,8.80,0.9930
99,7.92,8.88,0.9973
100,8.00,8.96,0.9881
101,8.08,9.04,0.9957
102,8.16,9.12,0.9913
103,8.24,9.20,0.9929
104,8.32,9.28,0.9894
105,8.40,9.36,0.9814
106,8.48,9.44,0.9941
107,8.56,9.52,0.9984
108,8.64,9.60,0.9975
109,8.72,9.68,0.9972
110,8.80,9.76,0.9949
111,8.88,9.84,0.9961
112,8.96,9.92,0.9216
113,9.04,10.00,0.7875
