0,0.00,0.96,0.0482
1,0.08,1.04,0.3651
2,0.16,1.12,0.9292
3,0.24,1.20,0.9784
4,0.32,1.28,0.9948
5,0.40,1.36,0.9976
6,0.48,1.44,0.9985
7,0.56,1.52,0.9988
8,0.64,1.60,0.9993
9,0.72,1.68,0.9993
10,0.80,1.76,0.9995
11,0.88,1.84,0.9994
12,0.96,1.92,0.9993
13,1.04,2.00,0.9990
14,1.12,2.08,0.9978
15,1.20,2.16,0.9983
16,1.28,2.24,0.9993
17,1.36,2.32,0.9992
18,1.44,2.40,0.9985
19,1.52,2.48,0.9921
20,1.60,2.56,0.9469
21,1.68,2.64,0.7733
22,1.76,2.72,0.4831
23,1.84,2.80,0.1871
24,1.92,2.88,0.0583
25,2.00,2.96,0.0201
26,2.08,3.04,0.0142
27,2.16,3.12,0.0133
28,2.24,3.20,0.0181
29,2.32,3.28,0.0525
30,2.40,3.36,0.3030
31,2.48,3.44,0.7667
32,2.56,3.52,0.9300
33,2.64,3.60,0.9870
34,2.72,3.68,0.9955
35,2.80,3.76,0.9964
36,2.88,3.84,0.9971
37,2.96,3.92,0.9973
38,3.04,4.00,0.9972
39,3.12,4.08,0.9984
40,3.20,4.16,0.9965
41,3.28,4.24,0.9901
42,3.36,4.32,0.9827
43,3.44,4.40,0.9496
44,3.52,4.48,0.8252
45,3.60,4.56,0.4016
46,3.68,4.64,0.0912
47,3.76,4.72,0.0341
48,3.84,4.80,0.0168
49,3.92,4.88,0.0317
50,4.00,4.96,0.0332
51,4.08,5.04,0.0442
52,4.16,5.12,0.1408
53,4.24,5.20,0.1193
54,4.32,5.28,0.1319
55,4.40,5.36,0.1464
56,4.48,5.44,0.1637
57,4.56,5.52,0.1583
58,4.64,5.60,0.1786
59,4.72,5.68,0.2593
60,4.80,5.76,0.3930
61,4.88,5.84,0.7276
62,4.96,5.92,0.9646
63,5.04,6.00,0.9941
64,5.12,6.08,0.9982
65,5.20,6.16,0.9994
66,5.28,6.24,0.9994
67,5.36,6.32,0.9994
68,5.44,6.40,0.9995
69,5.52,6.48,0.9997
70,5.60,6.56,0.9995
71,5.68,6.64,0.9993
72,5.76,6.72,0.9997
73,5.84,6.80,0.9996
74,5.92,6.88,0.9998
75,6.00,6.96,0.9997
76,6.08,7.04,0.9997
77,6.16,7.12,0.9996
78,6.24,7.20,0.9997
79,6.32,7.28,0.9998
80,6.40,7.36,0.9995
81,6.48,7.44,0.9993
82,6.56,7.52,0.9995
83,6.64,7.60,0.9994
84,6.72,7.68,0.9992
85,6.80,7.76,0.9994
86,6.88,7.84,0.9994
87,6.96,7.92,0.9979
88,7.04,8.00,0.9915
89,7.12,8.08,0.9113
90,7.20,8.16,0.4813
91,7.28,8.24,0.1256
92,7.36,8.32,0.0270
93,7.44,8.40,0.0055
94,7.52,8.48,0.0022
95,7.60,8.56,0.0012
96,7.68,8.64,0.0018
97,7.76,8.72,0.0009
98,7.84,8.80,0.0008
99,7.92,8.88,0.0005
100,8.00,8.96,0.0009
101,8.08,9.04,0.0006
102,8.16,9.12,0.0018
103,8.24,9.20,0.0143
104,8.32,9.28,0.1412
105,8.40,9.36,0.3377
106,8.48,9.44,0.8343
107,8.56,9.52,0.9588
108,8.64,9.60,0.9862
109,8.72,9.68,0.9956
110,8.80,9.76,0.9986
111,8.88,9.84,0.9991
112,8.96,9.92,0.9988
113,9.04,10.00,0.9991
